3.1388
3.1116
3.1508
3.1452
3.134
3.1348
3.1464
3.156
3.1416
3.1776
3.1428
3.116
3.1268
3.1288
3.1044
3.1704
3.1624
3.1196
3.1404
3.138
3.1656
3.158
3.1508
3.126
3.1176
3.14
3.1616
3.1688
3.1592
3.1532
3.1592
3.1348
3.1516
3.1512
3.1188
3.1488
3.1252
3.1604
3.1652
3.1468
3.166
3.1356
3.1596
3.1404
3.124
3.114
3.1424
3.1428
3.1496
3.1792
3.12
3.1764
3.138
3.14
3.1344
3.1344
3.1372
3.1256
3.1076
3.1516
3.1428
3.1288
3.1396
3.1504
3.1468
3.1396
3.1276
3.1232
3.1664
3.128
3.1496
3.14
3.1616
3.12
3.1268
3.1168
3.1044
3.1532
3.1588
3.1584
3.1188
3.1488
3.158
3.1304
3.1224
3.1588
3.1108
3.1448
3.162
3.1212
3.1604
3.1572
3.1536
3.1252
3.1436
3.1272
3.186
3.1476
3.136
3.1696
3.138
3.1412
3.1368
3.158
3.1388
3.1436
3.1532
3.126
3.1784
3.1792
3.1276
3.144
3.1304
3.1392
3.1264
3.1404
3.1124
3.1288
3.1108
3.1188
3.1568
3.142
3.134
3.152
3.1264
3.1284
3.1676
3.1312
3.1416
3.1392
3.1412
3.1692
3.164
3.1412
3.1484
3.1648
3.1252
3.1668
3.12
3.1388
3.1516
3.114
3.1552
3.166
3.1452
3.1424
3.1428
3.1492
3.1184
3.172
3.1456
3.1692
3.146
3.1656
3.1356
3.1376
3.17
3.1096
3.1588
3.1228
3.1528
3.1408
3.1168
3.1272
3.1588
3.1248
3.1444
3.1632
3.1464
3.164
3.146
3.1448
3.1396
3.1168
3.1168
3.1488
3.158
3.1384
3.1244
3.1468
3.1328
3.1416
3.1324
3.1496
3.1664
3.1516
3.138
3.1564
3.1296
3.1652
3.1388
3.138
3.1208
3.1264
3.112
3.1688
3.1276
3.1628
3.1484
3.1452
3.1688
3.1632
3.1404
3.1064
3.122
3.1144
3.1248
3.1472
3.1196
3.17
3.148
3.122
3.1276
3.1456
3.1516
3.1596
3.1316
3.1536
3.1188
3.1256
3.148
3.1284
3.1628
3.1368
3.1496
3.1536
3.158
3.134
3.1084
3.1664
3.148
3.1448
3.1172
3.1296
3.1428
3.106
3.1928
3.1164
3.1572
3.1696
3.1388
3.1356
3.1616
3.1276
3.1396
3.1384
3.1392
3.1672
3.1804
3.1352
3.1728
3.1432
3.132
3.1252
3.1336
3.122
3.152
3.136
3.1428
3.1496
3.1076
3.1324
3.1268
3.1348
3.1272
3.1476
3.1508
3.1548
3.1348
3.1432
3.1504
3.1488
3.144
3.1496
3.1312
3.1508
3.12
3.1232
3.1356
3.16
3.1424
3.1248
3.1428
3.17
3.124
3.1408
3.1152
3.1496
3.1372
3.1088
3.1512
3.1384
3.166
3.144
3.1272
3.142
3.1608
3.1724
3.1248
3.1308
3.1508
3.1168
3.1548
3.146
3.13
3.1208
3.158
3.138
3.1428
3.1292
3.1552
3.1052
3.1148
3.118
3.1588
3.1552
3.1536
3.1456
3.1428
3.14
3.1512
3.1572
3.1624
3.1588
3.1252
3.1204
3.1524
3.1468
3.1564
3.1396
3.1532
3.1536
3.1304
3.126
3.1504
3.1688
3.1556
3.138
3.1344
3.1388
3.11
3.1692
3.1404
3.1432
3.1352
3.1356
3.1516
3.1492
3.1164
3.156
3.1644
3.1168
3.1596
3.1328
3.1408
3.1396
3.14
3.1492
3.1436
3.124
3.1236
3.132
3.1172
3.1464
3.1372
3.108
3.1424
3.1408
3.148
3.1572
3.1636
3.1224
3.1484
3.1392
3.134
3.0932
3.1364
3.1576
3.114
3.146
3.1512
3.1436
3.1148
3.138
3.1544
3.1112
3.1132
3.1652
3.104
3.1736
3.1788
3.146
3.16
3.1276
3.156
3.1396
3.1324
3.1184
3.1436
3.156
3.1632
3.1364
3.1152
3.13
3.172
3.14
3.1336
3.1568
3.1356
3.1556
3.1408
3.1092
3.1592
3.14
3.128
3.1396
3.1376
3.1416
3.1048
3.1156
3.1108
3.1488
3.142
3.126
3.164
3.1288
3.1468
3.1552
3.1348
3.1432
3.132
3.1556
3.1536
3.1332
3.1392
3.1388
3.1012
3.138
3.1336
3.1672
3.1144
3.1624
3.158
3.1496
3.12
3.1532
3.1376
3.1284
3.17
3.1436
3.1804
3.1268
3.152
3.126
3.1412
3.1456
3.142
3.138
3.1272
3.0988
3.1152
3.1492
3.1608
3.1216
3.1392
3.1428
3.1356
3.1348
3.1504
3.1552
3.1364
3.1668
3.152
3.1372
3.13
3.1368
3.1432
3.1424
3.1336
3.1464
3.1276
3.1376
3.168
3.1044
3.1372
3.1428
3.1276
3.1448
3.1356
3.1552
3.1512
3.1256
3.098
3.1228
3.1364
3.1584
3.144
3.1168
3.1216
3.144
3.158
3.1504
3.1392
3.1308
3.1552
3.1268
3.1352
3.1588
3.1436
3.1388
3.1464
3.1316
3.1488
3.1392
3.142
3.1036
3.1668
3.1436
3.1572
3.1156
3.1552
3.1456
3.1144
3.1592
3.1476
3.1664
3.154
3.124
3.1432
3.144
3.136
3.144
3.1244
3.1408
3.1492
3.1568
3.15
3.1428
3.1648
3.1428
3.126
3.1352
3.144
3.1444
3.1628
3.1696
3.1308
3.1724
3.148
3.1404
3.1284
3.1368
3.1148
3.128
3.1604
3.1188
3.1168
3.1304
3.1328
3.1348
3.1312
3.1196
3.1664
3.1388
3.11
3.15
3.134
3.142
3.128
3.1392
3.1284
3.1032
3.1552
3.1388
3.1424
3.1244
3.1424
3.1264
3.1488
3.1536
3.1192
3.1308
3.1512
3.1104
3.1544
3.1472
3.138
3.1496
3.1236
3.1536
3.1204
3.152
3.1476
3.1372
3.1448
3.1316
3.1472
3.1584
3.13
3.1748
3.1028
3.1364
3.144
3.1848
3.1316
3.1284
3.1232
3.1224
3.1276
3.1476
3.1492
3.1672
3.1328
3.132
3.1344
3.156
3.1624
3.1176
3.136
3.1548
3.1248
3.1412
3.1212
3.1432
3.148
3.1388
3.1224
3.142
3.1192
3.13
3.1312
3.1512
3.1252
3.1592
3.1264
3.1356
3.1284
3.162
3.1516
3.114
3.1728
3.1324
3.1536
3.1376
3.1388
3.1628
3.1608
3.0972
3.1364
3.1404
3.1512
3.138
3.1456
3.1348
3.1828
3.1428
3.1344
3.1336
3.13
3.1504
3.1356
3.1452
3.156
3.1628
3.1564
3.168
3.1396
3.1584
3.102
3.1428
3.1412
3.1588
3.1532
3.1432
3.146
3.1708
3.1244
3.1384
3.154
3.1384
3.1748
3.1412
3.152
3.16
3.1644
3.156
3.1512
3.118
3.128
3.1368
3.134
3.1488
3.1384
3.1688
3.1368
3.1488
3.1364
3.1484
3.11
3.1164
3.166
3.126
3.1296
3.1868
3.1488
3.1432
3.1312
3.144
3.138
3.1504
3.118
3.1356
3.1528
3.1652
3.1384
3.1488
3.154
3.138
3.1512
3.1384
3.14
3.126
3.1604
3.1336
3.1476
3.1636
3.1248
3.1048
3.1376
3.1476
3.1596
3.108
3.1624
3.1156
3.1528
3.152
3.1372
3.126
3.1196
3.1424
3.1496
3.1336
3.1652
3.132
3.148
3.1208
3.1284
3.1496
3.1456
3.1156
3.1472
3.1496
3.1416
3.1196
3.1232
3.1108
3.142
3.1104
3.1208
3.126
3.1204
3.1344
3.1256
3.1368
3.14
3.138
3.1428
3.1384
3.1496
3.1404
3.1232
3.1488
3.152
3.1308
3.1556
3.1428
3.1308
3.1548
3.1496
3.1532
3.1592
3.1636
3.1144
3.1312
3.1024
3.1464
3.142
3.1468
3.1476
3.13
3.1376
3.152
3.1728
3.1388
3.1644
3.1308
3.14
3.1588
3.1472
3.1588
3.1372
3.1484
3.138
3.1252
3.086
3.1176
3.1476
3.1456
3.144
3.1308
3.1548
3.1592
3.146
3.1496
3.1364
3.1368
3.1564
3.1408
3.1456
3.1396
3.1788
3.1296
3.1516
3.128
3.1044
3.1464
3.1352
3.15
3.1476
3.134
3.1812
3.134
3.1704
3.1684
3.1364
3.1112
3.1404
3.1376
3.144
3.1668
3.1572
3.1056
3.1328
3.16
3.0968
3.138
3.1176
3.124
3.1728
3.1784
3.1488
3.1432
3.1312
3.1564
3.1192
3.1064
3.1432
3.1572
3.1292
3.1592
3.1492
3.1316
3.156
3.1416
3.1476
3.1444
3.1464
3.134
3.1328
3.1328
3.1132
3.1136
3.1292
3.132
3.1396
3.1504
3.1452
3.1516
3.108
3.1388
3.1304
3.1144
3.152
3.1548
3.1352
3.1172
3.1348
3.1212
3.1084
3.1436
3.1264
3.1304
3.1872
3.1416
3.1624
3.1264
3.1364
3.1552
3.1216
3.1516
3.1284
3.16
3.1156
3.148
3.1652
3.1376
3.1752
3.112
3.1568
3.1636
3.146
3.1512
3.1588
3.1584
3.102
3.1464
3.1408
3.1308
3.1464
3.1396
3.1144
3.1488
3.152
3.1588
3.1388
3.1656
3.142
3.1608
3.1292
3.1604
3.1392
3.1372
3.1372
3.124
3.1292
3.1664
3.1332
3.1376
3.1508
3.1132
3.16
3.1564
3.15
3.1512
3.1664
3.1444
3.1292
3.1304
3.1144
3.1572
3.1456
3.1368
3.1456
3.1248
3.1424
3.14
3.1504
3.1588
3.1508
3.1516
3.154
3.1564
3.132
3.134
3.1364
3.1784
3.1304
3.1292
3.1408
3.14
3.144
3.1364
3.142
3.1424
3.138
3.142
3.1576
3.1412
3.1148
3.142
3.1224
3.1552
3.1536
3.1452
3.1156
3.1272
3.1444
3.1072
3.14
3.1536
3.13
3.1304
3.16
3.156
3.1176
3.1584
3.1308
3.1608
3.1376
3.1312
3.1396
3.1456
3.1296
3.1524
3.1436
3.136
3.1716
3.1508
3.1236
3.1396
3.1412
3.1336
3.1088
3.1208
3.1348
3.1432
3.156
3.16
3.1628
3.1148
3.1352
3.1192
3.1488
3.1176
3.1248
3.1376
3.168
3.1644
3.1488
3.164
3.1388
3.1608
3.1648
3.142
3.172
3.1452
3.1592
3.1224
3.1484
3.1452
3.1348
3.1188
3.1492
3.13
3.1464
3.154
3.142
3.1408
3.13
3.1296
3.1608
3.1324
3.1444
3.1312
3.1268
3.122
3.1128
3.1328
3.1508
3.1512
3.1336
3.1656
3.1676
3.1652
3.1564
3.1216
3.15
3.1268
3.1604
3.1416
3.1468
3.1652
3.1208
3.1668
3.1612
3.1612
3.1368
3.1508
3.1444
3.1264
3.1176
3.1444
3.1712
3.1184
3.1848
3.1388
3.1312
3.1176
3.1428
3.1708
3.1432
3.1288
3.16
3.1184
3.164
3.18
3.1224
3.1556
3.1076
3.1232
3.1768
3.1312
3.1452
3.1348
3.1184
3.164
3.1252
3.144
3.144
3.1652
3.1668
3.126
3.1512
3.1188
3.1424
3.1264
3.1512
3.174
3.142
3.1324
3.156
3.1216
3.1764
3.15
3.1396
3.1496
3.1348
3.1704
3.1748
3.106
3.1284
3.1464
3.1224
3.1728
3.152
3.1708
3.168
3.214
3.142
3.134
3.1812
3.1196
3.138
3.1588
3.1072
3.1104
3.1292
3.1504
3.1516
3.144
3.1364
3.1628
3.122
3.124
3.1488
3.144
3.1168
3.1472
3.1312
3.1564
3.1444
3.1468
3.1132
3.1272
3.1408
3.132
3.1536
3.1232
3.1452
3.1084
3.146
3.14
3.1408
3.1432
3.1356
3.14
3.1448
3.1528
3.14
3.1304
3.15
3.1476
3.136
3.1372
3.1604
3.1468
3.1372
3.1472
3.1688
3.1404
3.1388
3.1148
3.1504
3.1456
3.1136
3.1504
3.1332
3.1484
3.1364
3.1376
3.1436
3.1312
3.1588
3.152
3.1256
3.1444
3.1352
3.1256
3.1504
3.1396
3.1348
3.1276
3.1508
3.1712
3.1332
3.1272
3.1116
3.1528
3.1276
3.1464
3.1328
3.1584
3.128
3.1104
3.1432
3.138
3.1412
3.1324
3.1684
3.144
3.1392
3.134
3.1476
3.1352
3.1268
3.1204
3.1652
3.1508
3.1408
3.154
3.1576
3.1628
3.1332
3.1432
3.1324
3.14
3.1196
3.1324
3.1424
3.1628
3.1424
3.1448
3.1356
3.154
3.1384
3.1036
3.1508
3.172
3.1148
3.1484
3.158
3.1716
3.1344
3.1024
3.1428
3.1272
3.1376
3.1424
3.1512
3.1356
3.16
3.1296
3.1432
3.1344
3.1172
3.1412
3.096
3.1472
3.132
3.1332
3.1264
3.1156
3.128
3.1316
3.1396
3.1424
3.1264
3.1432
3.1512
3.1196
3.136
3.1832
3.1376
3.1424
3.132
3.1368
3.1208
3.1372
3.1448
3.1592
3.1656
3.1504
3.1336
3.1332
3.1352
3.1548
3.1172
3.1396
3.1352
3.154
3.138
3.138
3.1408
3.138
3.1392
3.1132
3.1428
3.1432
3.114
3.1568
3.1388
3.1124
3.1172
3.1528
3.1624
3.122
3.1324
3.1296
3.166
3.1436
3.1516
3.0972
3.1576
3.1584
3.1412
3.1512
3.1644
3.13
3.1624
3.1232
3.1204
3.13
3.1372
3.1368
3.1296
3.1308
3.148
3.1808
3.1312
3.1472
3.1336
3.186
3.1792
3.122
3.1224
3.1336
3.1268
3.1592
3.1276
3.1408
3.144
3.1488
3.1464
3.1448
3.1296
3.1012
3.1364
3.1568
3.164
3.1344
3.1492
3.1296
3.1688
3.1376
3.1352
3.1488
3.1576
3.1376
3.1432
3.1332
3.1224
3.1404
3.148
3.1564
3.1908
3.0976
3.1364
3.1252
3.1448
3.1412
3.1784
3.152
3.1456
3.1348
3.1288
3.1384
3.164
3.166
3.15
3.1556
3.1548
3.1796
3.1584
3.1604
3.1404
3.1512
3.1484
3.1612
3.166
3.1564
3.1028
3.1552
3.1428
3.1504
3.114
3.1348
3.1312
3.1316
3.134
3.0976
3.1412
3.1064
3.1416
3.1652
3.146
3.1308
3.1672
3.154
3.166
3.1416
3.1648
3.1332
3.1236
3.1368
3.1212
3.1216
3.1696
3.154
3.162
3.1384
3.1444
3.1808
3.1616
3.1352
3.1396
3.1388
3.1472
3.1372
3.1484
3.1416
3.1364
3.1512
3.1648
3.1208
3.1444
3.1228
3.134
3.1596
3.1276
3.14
3.1712
3.142
3.1052
3.1252
3.1384
3.1516
3.1332
3.1468
3.1464
3.1604
3.1076
3.1284
3.1448
3.1028
3.1592
3.1432
3.1608
3.1288
3.1572
3.1568
3.1384
3.1572
3.1244
3.1312
3.1348
3.1532
3.1376
3.1572
3.1464
3.1428
3.1368
3.1552
3.1256
3.1216
3.1504
3.1584
3.15
3.1484
3.162
3.12
3.1224
3.144
3.1336
3.1288
3.1168
3.1672
3.1568
3.1636
3.1156
3.116
3.144
3.148
3.1556
3.1296
3.1236
3.1196
3.1468
3.158
3.1424
3.1312
3.1468
3.1252
3.134
3.1268
3.1404
3.1316
3.1224
3.1524
3.1324
3.126
3.1532
3.1564
3.1568
3.1536
3.1212
3.1324
3.1732
3.1292
3.1552
3.1144
3.1672
3.1388
3.142
3.1624
3.1648
3.1308
3.1064
3.146
3.134
3.16
3.1532
3.142
3.144
3.164
3.1836
3.1264
3.1384
3.1492
3.1688
3.1452
3.1628
3.1816
3.1668
3.1424
3.1364
3.1508
3.148
3.1176
3.1556
3.1608
3.1244
3.164
3.1032
3.1312
3.1264
3.1456
3.1504
3.158
3.166
3.1256
3.1688
3.1096
3.1324
3.1672
3.142
3.1564
3.1536
3.1368
3.1532
3.1296
3.1476
3.13
3.1712
3.154
3.1264
3.1352
3.1552
3.1636
3.136
3.1396
3.122
3.1384
3.1492
3.1432
3.1516
3.1732
3.1364
3.1436
3.1216
3.16
3.1716
3.1228
3.1416
3.14
3.1276
3.1236
3.1216
3.1232
3.1468
3.1344
3.1384
3.1356
3.1368
3.1324
3.146
3.1488
3.1176
3.1356
3.1244
3.1544
3.1364
3.1296
3.1224
3.1188
3.13
3.1396
3.1588
3.1568
3.1444
3.1032
3.124
3.1304
3.1348
3.1288
3.1256
3.116
3.1576
3.1432
3.1536
3.154
3.1468
3.1284
3.1384
3.1308
3.1184
3.128
3.126
3.1288
3.1212
3.142
3.1212
3.15
3.1376
3.1292
3.1016
3.1612
3.1188
3.1424
3.164
3.11
3.1452
3.1388
3.1524
3.1016
3.142
3.1612
3.1412
3.1348
3.1084
3.1584
3.13
3.158
3.138
3.1388
3.1444
3.1556
3.1372
3.1308
3.1336
3.1308
3.1552
3.1452
3.1108
3.1324
3.1288
3.1396
3.106
3.144
3.1524
3.1684
3.1212
3.1448
3.1444
3.1336
3.1528
3.1136
3.1564
3.1368
3.1288
3.1444
3.1532
3.1288
3.1092
3.1808
3.1296
3.16
3.1264
3.1616
3.1652
3.158
3.1392
3.1556
3.1472
3.1488
3.1244
3.1344
3.1276
3.1412
3.1496
3.1656
3.1376
3.1544
3.146
3.1224
3.1432
3.1344
3.1288
3.1376
3.136
3.1352
3.1308
3.12
3.1832
3.1588
3.1424
3.118
3.1516
3.1532
3.1568
3.1508
3.1852
3.1352
3.1512
3.1364
3.1572
3.126
3.1428
3.1164
3.1296
3.1188
3.1132
3.1324
3.1268
3.1384
3.11
3.1356
3.156
3.1336
3.1404
3.1084
3.1416
3.1264
3.118
3.1612
3.1492
3.124
3.1068
3.136
3.1448
3.1332
3.1368
3.154
3.1168
3.1576
3.1568
3.1384
3.1316
3.1512
3.1212
3.148
3.1348
3.14
3.1564
3.1236
3.1264
3.128
3.148
3.1472
3.142
3.1472
3.1532
3.1444
3.1344
3.114
3.1088
3.1508
3.1584
3.1384
3.1372
3.1312
3.1668
3.1568
3.1468
3.1424
3.168
3.118
3.1424
3.1552
3.164
3.1368
3.1388
3.1428
3.1424
3.1492
3.142
3.1536
3.1392
3.1464
3.1172
3.1468
3.1304
3.1312
3.1528
3.1344
3.1268
3.168
3.1528
3.1592
3.1228
3.1392
3.1784
3.156
3.1472
3.1392
3.1484
3.12
3.1496
3.0932
3.1364
3.16
3.1508
3.1196
3.1336
3.1652
3.11
3.1244
3.1508
3.1492
3.1164
3.1624
3.1408
3.156
3.122
3.16
3.1236
3.1324
3.1728
3.1652
3.1416
3.1436
3.1156
3.112
3.166
3.1412
3.154
3.1492
3.1396
3.1096
3.1252
3.1472
3.1556
3.1316
3.1436
3.1276
3.1656
3.1592
3.1468
3.1556
3.154
3.1668
3.1424
3.1792
3.1336
3.1064
3.1516
3.1468
3.1364
3.124
3.1424
3.1364
3.1512
3.146
3.1556
3.1352
3.1316
3.1696
3.154
3.1464
3.1388
3.156
3.1628
3.1372
3.1428
3.1608
3.1372
3.142
3.1392
3.1208
3.1468
3.14
3.104
3.1252
3.118
3.1284
3.1416
3.1284
3.1508
3.14
3.1456
3.1136
3.1348
3.1468
3.1444
3.1228
3.1404
3.1464
3.1508
3.1692
3.1464
3.1224
3.1396
3.118
3.1352
3.1444
3.144
3.16
3.1556
3.156
3.1292
3.1376
3.1364
3.1716
3.1304
3.1552
3.1652
3.1908
3.1348
3.1272
3.138
3.1536
3.1752
3.136
3.1572
3.122
3.1348
3.1304
3.154
3.1312
3.1408
3.13
3.1352
3.1448
3.13
3.1564
3.154
3.1568
3.1232
3.138
3.1504
3.1392
3.1616
3.1516
3.1416
3.1316
3.1364
3.1588
3.1644
3.146
3.1256
3.0928
3.1392
3.1308
3.1516
3.1148
3.1412
3.1324
3.1312
3.1396
3.1552
3.1524
3.1408
3.1456
3.1572
3.1116
3.1408
3.1592
3.1528
3.1788
3.126
3.1692
3.18
3.148
3.1436
3.1508
3.1376
3.1704
3.1588
3.1592
3.1512
3.1428
3.136
3.1388
3.13
3.1636
3.1396
3.1484
3.1144
3.1748
3.1612
3.14
3.1216
3.136
3.1616
3.1624
3.1356
3.1648
3.1104
3.15
3.1332
3.1628
3.1352
3.1548
3.1392
3.1668
3.126
3.1552
3.142
3.142
3.124
3.1276
3.1336
3.1268
3.1556
3.1452
3.15
3.1444
3.1364
3.1392
3.1476
3.1408
3.1436
3.1548
3.1268
3.142
3.1472
3.116
3.1504
3.1312
3.1324
3.1404
3.1732
3.1384
3.1328
3.1372
3.1436
3.13
3.17
3.1316
3.164
3.1256
3.158
3.11
3.138
3.1384
3.1352
3.1716
3.1468
3.1492
3.1404
3.134
3.1492
3.1356
3.1624
3.1436
3.1356
3.1212
3.1424
3.1308
3.1424
3.1248
3.1376
3.1328
3.1304
3.1536
3.1308
3.1456
3.1248
3.1272
3.1392
3.1428
3.1204
3.1212
3.1316
3.1672
3.1332
3.1208
3.1392
3.1552
3.1432
3.1588
3.1328
3.1512
3.1316
3.1276
3.1284
3.1216
3.1504
3.1164
3.1656
3.1124
3.1428
3.1396
3.152
3.1532
3.1236
3.1392
3.1492
3.1748
3.1136
3.1748
3.1332
3.142
3.1448
3.1468
3.136
3.1416
3.1348
3.1592
3.1744
3.1088
3.1304
3.1424
3.1252
3.1292
3.1452
3.1256
3.1424
3.148
3.1288
3.1456
3.1332
3.148
3.1692
3.1408
3.1284
3.1292
3.1208
3.16
3.1464
3.1228
3.156
3.1488
3.1516
3.1668
3.136
3.1396
3.1408
3.1452
3.1524
3.1552
3.1308
3.1288
3.1576
3.1496
3.17
3.1364
3.0856
3.144
3.1328
3.136
3.144
3.138
3.1632
3.1424
3.1712
3.1332
3.1508
3.1456
3.1312
3.1104
3.1168
3.172
3.11
3.1344
3.1324
3.1628
3.1468
3.1096
3.1708
3.1712
3.1324
3.1376
3.1588
3.1656
3.1284
3.162
3.158
3.1548
3.1672
3.1396
3.1144
3.1492
3.13
3.1332
3.1452
3.1576
3.1208
3.1448
3.1308
3.1304
3.1324
3.1404
3.1532
3.146
3.16
3.134
3.164
3.1336
3.1404
3.1688
3.126
3.1332
3.1416
3.1636
3.1244
3.146
3.1304
3.1252
3.1212
3.168
3.1676
3.1528
3.1256
3.1324
3.1372
3.1464
3.1164
3.1508
3.12
3.1596
3.1452
3.1272
3.1276
3.142
3.1292
3.1544
3.1168
3.1492
3.1468
3.1284
3.158
3.1304
3.1632
3.1624
3.1868
3.1288
3.1124
3.1568
3.1352
3.1584
3.1572
3.1524
3.1336
3.1428
3.1724
3.1652
3.1512
3.1368
3.1428
3.1616
3.1592
3.1316
3.1508
3.144
3.1436
3.1396
3.1664
3.1104
3.1436
3.1404
3.1528
3.1388
3.1548
3.1524
3.132
3.114
3.1436
3.1324
3.132
3.1252
3.1076
3.1708
3.1404
3.1492
3.114
3.1584
3.1536
3.144
3.1416
3.1192
3.1404
3.1316
3.142
3.126
3.1636
3.1208
3.0928
3.1436
3.1396
3.1396
3.1552
3.122
3.1504
3.1376
3.136
3.1696
3.1364
3.1536
3.148
3.1412
3.1116
3.1604
3.1464
3.1476
3.1172
3.1396
3.1272
3.128
3.1684
3.1428
3.1584
3.1156
3.1728
3.1312
3.1516
3.1144
3.17
3.1368
3.138
3.1404
3.1468
3.1288
3.1628
3.1316
3.1136
3.1604
3.146
3.14
3.144
3.1424
3.142
3.1512
3.1668
3.1632
3.1352
3.1336
3.1488
3.14
3.1344
3.1548
3.178
3.1256
3.1208
3.144
3.1244
3.1376
3.1232
3.1324
3.1444
3.0988
3.124
3.1468
3.136
3.1584
3.1636
3.1688
3.1268
3.1652
3.1608
3.1472
3.1388
3.148
3.1212
3.1484
3.112
3.1536
3.12
3.1204
3.1264
3.1584
3.126
3.1632
3.1284
3.1412
3.13
3.1152
3.1396
3.1216
3.132
3.136
3.1304
3.1424
3.1288
3.1664
3.144
3.1344
3.1464
3.1596
3.1476
3.1424
3.1588
3.1432
3.1368
3.1396
3.134
3.1692
3.1612
3.162
3.172
3.1528
3.142
3.1264
3.1176
3.144
3.1548
3.1572
3.1464
3.1392
3.118
3.1124
3.1416
3.1484
3.1536
3.1332
3.1328
3.144
3.1248
3.1292
3.168
3.1632
3.1124
3.144
3.1572
3.1524
3.1368
3.1488
3.1328
3.1272
3.1688
3.1404
3.1556
3.134
3.1184
3.1448
3.1388
3.1348
3.1584
3.1392
3.1296
3.16
3.1424
3.156
3.1344
3.1232
3.12
3.16
3.12
3.1584
3.1336
3.1436
3.1356
3.132
3.1548
3.1176
3.1488
3.1352
3.1516
3.1496
3.1512
3.146
3.1632
3.106
3.152
3.1248
3.1152
3.1668
3.1376
3.1344
3.1428
3.1196
3.1508
3.1192
3.1468
3.1656
3.1352
3.1436
3.1608
3.1516
3.1224
3.1664
3.1524
3.1248
3.1684
3.136
3.1216
3.1364
3.1572
3.1292
3.1408
3.172
3.1428
3.1236
3.1216
3.108
3.1288
3.1292
3.1404
3.136
3.1532
3.1296
3.1424
3.1728
3.1468
3.1568
3.17
3.1244
3.1276
3.1216
3.1516
3.15
3.1368
3.1656
3.1376
3.1596
3.1192
3.156
3.1272
3.1192
3.1376
3.1292
3.1404
3.1436
3.1464
3.1244
3.128
3.1656
3.1532
3.1236
3.1108
3.1212
3.1172
3.172
3.16
3.1416
3.1204
3.1336
3.1512
3.1616
3.1284
3.146
3.1712
3.1276
3.1368
3.1428
3.1532
3.1164
3.14
3.1032
3.1324
3.1684
3.102
3.148
3.1624
3.1372
3.1152
3.1412
3.1384
3.1532
3.1116
3.1468
3.154
3.1484
3.146
3.1276
3.1768
3.1528
3.1256
3.1424
3.132
3.1372
3.1472
3.1508
3.1556
3.1384
3.1764
3.1488
3.1368
3.1192
3.1612
3.1616
3.1264
3.1328
3.1512
3.1556
3.1704
3.156
3.1452
3.174
3.1476
3.1344
3.1468
3.1396
3.1712
3.164
3.1412
3.1372
3.1328
3.1252
3.128
3.1364
3.12
3.1316
3.148
3.142
3.1216
3.1176
3.1652
3.1744
3.148
3.1032
3.1248
3.1464
3.136
3.1756
3.1392
3.1416
3.1556
3.1388
3.146
3.1372
3.1644
3.1352
3.1344
3.14
3.1628
3.1108
3.1676
3.1308
3.1464
3.1476
3.1488
3.1124
3.1568
3.1172
3.1396
3.1508
3.1528
3.158
3.1672
3.1472
3.1228
3.1328
3.1476
3.1324
3.1576
3.1104
3.1144
3.128
3.1428
3.156
3.112
3.1568
3.1404
3.1428
3.1664
3.124
3.1144
3.138
3.1464
3.1604
3.1316
3.144
3.1388
3.126
3.138
3.1236
3.1276
3.1264
3.1744
3.1644
3.1184
3.1524
3.1536
3.1432
3.126
3.1436
3.0992
3.1552
3.1712
3.1156
3.142
3.1376
3.1564
3.132
3.1432
3.126
3.1336
3.1276
3.1332
3.1684
3.1732
3.146
3.1316
3.1264
3.1428
3.1412
3.1564
3.1276
3.1264
3.1444
3.1124
3.1104
3.1484
3.1532
3.1224
3.1464
3.11
3.1556
3.1204
3.162
3.1152
3.1172
3.1788
3.1316
3.1428
3.1112
3.138
3.1656
3.1476
3.1464
3.16
3.12
3.148
3.1436
3.1368
3.1076
3.138
3.1488
3.1116
3.122
3.1624
3.14
3.1108
3.1324
3.1572
3.1504
3.1452
3.128
3.1428
3.1532
3.182
3.1292
3.1392
3.1296
3.146
3.1512
3.1316
3.14
3.1452
3.1344
3.1652
3.1524
3.1532
3.1212
3.1388
3.1388
3.0956
3.1324
3.148
3.1368
3.1528
3.122
3.1356
3.1396
3.144
3.1316
3.1308
3.1668
3.1252
3.1428
3.1468
3.1556
3.1636
3.146
3.1116
3.1384
3.1244
3.1472
3.132
3.1484
3.138
3.1336
3.1296
3.1012
3.1296
3.1244
3.1464
3.128
3.16
3.1008
3.144
3.1636
3.1556
3.1492
3.1276
3.1732
3.144
3.1644
3.1676
3.152
3.1184
3.1292
3.1632
3.1492
3.13
3.1412
3.1548
3.1244
3.1392
3.1292
3.1484
3.156
3.152
3.1924
3.136
3.1464
3.1304
3.1508
3.1424
3.1764
3.1396
3.11
3.1544
3.1428
3.1644
3.1336
3.1448
3.1288
3.128
3.1484
3.144
3.1468
3.1576
3.1308
3.1476
3.1528
3.1464
3.1392
3.1348
3.1304
3.162
3.1296
3.1564
3.1392
3.1612
3.1508
3.1556
3.1776
3.1788
3.1384
3.1484
3.1204
3.1404
3.146
3.1544
3.1632
3.172
3.142
3.1408
3.1376
3.12
3.1484
3.1316
3.1568
3.1412
3.156
3.138
3.1616
3.1516
3.1488
3.1632
3.1532
3.128
3.1448
3.1276
3.1524
3.1244
3.1392
3.1588
3.15
3.152
3.1244
3.144
3.132
3.1592
3.1192
3.136
3.1404
3.16
3.1352
3.174
3.1296
3.134
3.146
3.1312
3.1312
3.1296
3.1484
3.1176
3.1528
3.13
3.1624
3.1348
3.1328
3.1492
3.1268
3.1488
3.1556
3.1428
3.1572
3.174
3.158
3.152
3.1608
3.1944
3.1564
3.1092
3.1532
3.1416
3.1568
3.1468
3.1576
3.1136
3.1536
3.1384
3.166
3.1524
3.1104
3.1572
3.1524
3.1452
3.1348
3.1428
3.1592
3.1584
3.1052
3.14
3.1528
3.1284
3.1216
3.1664
3.128
3.15
3.1472
3.1464
3.124
3.1728
3.1504
3.1264
3.1268
3.1592
3.1584
3.15
3.1588
3.1576
3.1536
3.1168
3.1144
3.1424
3.1216
3.1552
3.1088
3.1428
3.1048
3.1304
3.1548
3.1612
3.1748
3.1396
3.1112
3.152
3.148
3.1436
3.152
3.1716
3.1708
3.1024
3.1436
3.1216
3.1408
3.1192
3.1616
3.1428
3.1236
3.1396
3.1716
3.1468
3.134
3.148
3.1524
3.1492
3.174
3.1364
3.1356
3.1376
3.1396
3.1248
3.1732
3.1644
3.18
3.13
3.154
3.1336
3.1484
3.1236
3.1556
3.122
3.1552
3.1156
3.1556
3.1748
3.1448
3.1608
3.13
3.1484
3.1484
3.1396
3.1456
3.1396
3.1424
3.1576
3.1596
3.144
3.146
3.1308
3.1416
3.1464
3.1468
3.1352
3.1284
3.1488
3.1464
3.152
3.1452
3.1344
3.1452
3.128
3.1352
3.1196
3.1164
3.138
3.1172
3.1332
3.1616
3.132
3.1408
3.1628
3.1436
3.152
3.1572
3.1416
3.1152
3.1332
3.1332
3.1152
3.1372
3.1396
3.1436
3.144
3.1264
3.1448
3.1484
3.1184
3.152
3.1288
3.156
3.1664
3.1516
3.1444
3.138
3.1428
3.148
3.1668
3.1168
3.1428
3.1252
3.1388
3.1644
3.1184
3.122
3.1252
3.1376
3.1448
3.154
3.0972
3.1412
3.1376
3.1152
3.13
3.1388
3.1368
3.1632
3.154
3.1592
3.114
3.152
3.1628
3.1396
3.1564
3.1384
3.1328
3.1336
3.146
3.1524
3.17
3.144
3.128
3.1504
3.164
3.1496
3.1488
3.1064
3.1112
3.126
3.154
3.1436
3.1416
3.1408
3.1624
3.1416
3.1396
3.1404
3.1364
3.1404
3.1444
3.1544
3.1512
3.1452
3.1252
3.122
3.1524
3.1536
3.1108
3.1492
3.172
3.1372
3.1432
3.1568
3.1444
3.1204
3.1744
3.1576
3.1256
3.1288
3.1252
3.1388
3.1672
3.1516
3.1476
3.1236
3.1784
3.132
3.1512
3.1632
3.1388
3.1364
3.1436
3.1504
3.1544
3.1628
3.1408
3.1548
3.1636
3.1216
3.1688
3.1632
3.162
3.1288
3.1448
3.1148
3.1396
3.1432
3.1192
3.1396
3.1416
3.1276
3.1228
3.1444
3.1488
3.1168
3.1288
3.1272
3.1444
3.1456
3.1168
3.144
3.1684
3.1484
3.1288
3.128
3.172
3.148
3.1652
3.1256
3.1608
3.1536
3.1556
3.15
3.1216
3.1356
3.1444
3.1368
3.1216
3.1312
3.1556
3.1552
3.1396
3.1496
3.144
3.148
3.1616
3.1464
3.1804
3.1368
3.1332
3.1588
3.1252
3.1428
3.1176
3.1396
3.12
3.1556
3.1392
3.1192
3.1464
3.1488
3.1556
3.1268
3.1312
3.1344
3.1316
3.1476
3.1688
3.1508
3.156
3.1344
3.166
3.1196
3.102
3.1148
3.1448
3.1452
3.1548
3.1432
3.1312
3.1432
3.1616
3.1216
3.138
3.156
3.1236
3.1172
3.1384
3.1452
3.15
3.1404
3.1328
3.1448
3.1516
3.16
3.1284
3.1616
3.1464
3.168
3.1432
3.1608
3.1412
3.128
3.1596
3.132
3.1296
3.1596
3.178
3.1272
3.1868
3.1604
3.126
3.1456
3.1544
3.1152
3.1324
3.17
3.1516
3.1516
3.1076
3.1556
3.1144
3.1296
3.1416
3.136
3.1492
3.1716
3.126
3.1524
3.1276
3.1572
3.1328
3.1408
3.122
3.1604
3.1312
3.1176
3.1756
3.144
3.1272
3.1544
3.1676
3.1256
3.1348
3.146
3.1588
3.1704
3.118
3.1348
3.1572
3.1444
3.144
3.1428
3.1608
3.1084
3.1688
3.132
3.164
3.1416
3.1632
3.1512
3.1236
3.1424
3.1368
3.1452
3.1192
3.15
3.1164
3.1524
3.164
3.1392
3.1332
3.148
3.1416
3.1392
3.134
3.1512
3.1476
3.194
3.1252
3.1304
3.1144
3.1488
3.178
3.1536
3.1408
3.1204
3.1084
3.1588
3.1136
3.1492
3.1456
3.1536
3.14
3.1508
3.1484
3.1616
3.1436
3.1348
3.1604
3.1556
3.1188
3.1508
3.1208
3.1348
3.164
3.1532
3.1504
3.1364
3.1944
3.1476
3.1496
3.134
3.1128
3.1372
3.1556
3.142
3.1536
3.1148
3.1344
3.1724
3.1436
3.1452
3.1404
3.1332
3.1352
3.1292
3.1488
3.1608
3.1636
3.1636
3.1108
3.1384
3.1344
3.1572
3.146
3.1284
3.1468
3.1476
3.176
3.1616
3.136
3.164
3.122
3.1484
3.1108
3.1356
3.1132
3.1404
3.1588
3.1508
3.1492
3.1352
3.1228
3.1488
3.144
3.126
3.1416
3.1172
3.1496
3.1288
3.1864
3.1448
3.1376
3.1468
3.1356
3.1336
3.1592
3.1436
3.1256
3.1352
3.1508
3.1392
3.1436
3.1388
3.1488
3.1476
3.1196
3.1236
3.1468
3.1496
3.1504
3.1248
3.1132
3.1256
3.1476
3.176
3.196
3.132
3.15
3.1204
3.1496
3.1212
3.1484
3.1332
3.136
3.114
3.1224
3.1324
3.1696
3.1484
3.1008
3.134
3.1532
3.1348
3.1024
3.1676
3.1424
3.1536
3.1364
3.1216
3.1268
3.132
3.1368
3.1384
3.0856
3.1316
3.1424
3.1108
3.1428
3.15
3.1284
3.1352
3.1536
3.1312
3.134
3.128
3.1428
3.128
3.1244
3.1272
3.1584
3.1488
3.1872
3.1328
3.134
3.1268
3.112
3.1256
3.1836
3.1716
3.1316
3.1324
3.1396
3.1536
3.1532
3.1432
3.1236
3.1324
3.164
3.1652
3.1212
3.1488
3.156
3.144
3.1492
3.1472
3.1484
3.1636
3.124
3.1508
3.1336
3.1768
3.1176
3.172
3.1368
3.1464
3.162
3.1504
3.1296
3.1392
3.1544
3.1464
3.1692
3.1464
3.1584
3.1632
3.1024
3.142
3.1364
3.1188
3.1288
3.1648
3.1236
3.1444
3.1476
3.1504
3.1372
3.138
3.1132
3.1376
3.1276
3.1632
3.144
3.1356
3.1428
3.1392
3.1452
3.1616
3.1612
3.1728
3.1616
3.14
3.1528
3.1916
3.1604
3.1532
3.154
3.1112
3.1472
3.1528
3.1448
3.134
3.1564
3.1004
3.1348
3.1432
3.1608
3.1632
3.158
3.1316
3.154
3.1492
3.1496
3.1376
3.1456
3.144
3.1444
3.1508
3.1388
3.1616
3.1368
3.15
3.1752
3.1532
3.1236
3.1584
3.1404
3.126
3.1656
3.1312
3.1356
3.1268
3.1288
3.1504
3.1696
3.1656
3.1432
3.1528
3.108
3.1264
3.1608
3.1592
3.1356
3.118
3.118
3.1244
3.1252
3.142
3.12
3.1412
3.1212
3.1404
3.1004
3.1424
3.1336
3.1476
3.164
3.1604
3.1372
3.1444
3.1124
3.1512
3.1376
3.1564
3.1476
3.1356
3.134
3.1328
3.1412
3.1476
3.1588
3.166
3.136
3.1312
3.15
3.1552
3.1884
3.1448
3.1592
3.1496
3.1332
3.1448
3.1372
3.136
3.1668
3.1296
3.1552
3.1452
3.1644
3.168
3.1596
3.1404
3.1336
3.1604
3.1516
3.132
3.1548
3.1392
3.152
3.1512
3.132
3.1488
3.1296
3.1404
3.1236
3.1576
3.1452
3.1456
3.1664
3.1176
3.1272
3.1512
3.1632
3.1544
3.1172
3.1404
3.1328
3.1636
3.1752
3.1384
3.138
3.1616
3.1404
3.1444
3.1248
3.146
3.1424
3.16
3.1164
3.142
3.1352
3.122
3.1552
3.1468
3.1488
3.1432
3.144
3.1496
3.1644
3.1276
3.1532
3.146
3.1392
3.1368
3.1228
3.1456
3.1332
3.1224
3.1228
3.154
3.1668
3.1412
3.1268
3.1456
3.1448
3.1328
3.1268
3.124
3.14
3.1488
3.1468
3.1168
3.1476
3.1136
3.1276
3.154
3.1156
3.1212
3.1628
3.13
3.1568
3.1648
3.1624
3.1512
3.146
3.1268
3.1468
3.1464
3.1376
3.1016
3.126
3.0848
3.1416
3.1356
3.1492
3.1796
3.1564
3.1292
3.1468
3.1684
3.1332
3.1728
3.1596
3.14
3.15
3.1588
3.14
3.1332
3.1512
3.1412
3.136
3.1368
3.1296
3.1576
3.1412
3.1452
3.0936
3.138
3.1396
3.118
3.168
3.1176
3.1624
3.1204
3.1324
3.1488
3.1364
3.142
3.1112
3.164
3.1432
3.1436
3.1592
3.1376
3.1424
3.1592
3.1408
3.1576
3.102
3.1328
3.146
3.1596
3.1392
3.1364
3.1628
3.1252
3.126
3.1496
3.144
3.1496
3.1496
3.146
3.1724
3.1328
3.1292
3.1388
3.1404
3.1324
3.1436
3.176
3.184
3.138
3.1732
3.1584
3.14
3.1388
3.1336
3.148
3.1592
3.1832
3.1208
3.1588
3.1472
3.1632
3.1384
3.1416
3.1472
3.1408
3.1556
3.142
3.1496
3.1288
3.1768
3.13
3.1452
3.1272
3.1384
3.1664
3.1332
3.136
3.1512
3.17
3.1568
3.1308
3.1668
3.1492
3.1448
3.1492
3.1444
3.1248
3.1356
3.1484
3.1492
3.1468
3.1268
3.13
3.1184
3.1432
3.136
3.1092
3.156
3.1248
3.152
3.1524
3.1372
3.1352
3.1476
3.1192
3.1624
3.1628
3.1316
3.1584
3.132
3.13
3.142
3.1592
3.1008
3.1356
3.1348
3.1812
3.1388
3.17
3.1604
3.1524
3.1356
3.1372
3.1296
3.134
3.1496
3.1516
3.1512
3.144
3.1568
3.106
3.1232
3.1248
3.1416
3.1308
3.1216
3.1236
3.1484
3.1068
3.1588
3.1536
3.1176
3.1312
3.1508
3.1416
3.1336
3.1584
3.1468
3.1228
3.1776
3.1408
3.1756
3.1204
3.1328
3.1392
3.1256
3.1264
3.13
3.146
3.134
3.1228
3.142
3.1528
3.1444
3.1204
3.1576
3.1432
3.142
3.142
3.1296
3.1216
3.1492
3.1308
3.1524
3.144
3.1276
3.1504
3.1288
3.178
3.1516
3.1584
3.11
3.14
3.1456
3.1676
3.168
3.128
3.1492
3.1416
3.1544
3.124
3.1604
3.15
3.1512
3.1128
3.1492
3.1116
3.1428
3.1436
3.1768
3.1268
3.1396
3.1288
3.132
3.13
3.1124
3.1716
3.154
3.1172
3.1472
3.1248
3.1324
3.1512
3.1348
3.1392
3.1676
3.1608
3.1116
3.154
3.1588
3.1696
3.166
3.1164
3.1316
3.148
3.15
3.1552
3.1172
3.1444
3.1308
3.1896
3.1204
3.1244
3.1508
3.1316
3.1396
3.144
3.162
3.1568
3.1796
3.1532
3.1324
3.1492
3.1712
3.1364
3.1524
3.1344
3.1416
3.168
3.1328
3.1204
3.1684
3.1232
3.1544
3.1516
3.1652
3.1132
3.1692
3.1332
3.13
3.16
3.1612
3.1612
3.1312
3.1584
3.1364
3.1468
3.1496
3.1328
3.1604
3.138
3.1524
3.1396
3.128
3.1468
3.14
3.106
3.1288
3.144
3.1568
3.1564
3.1644
3.118
3.1724
3.1088
3.1756
3.1244
3.1436
3.1688
3.1668
3.1316
3.1096
3.1404
3.1244
3.1392
3.1536
3.118
3.1616
3.1424
3.1488
3.1468
3.1448
3.1512
3.14
3.138
3.1432
3.1332
3.1136
3.1392
3.138
3.1544
3.138
3.1652
3.1404
3.1236
3.1312
3.146
3.152
3.1468
3.1288
3.152
3.1328
3.1356
3.1408
3.1556
3.1548
3.1688
3.1196
3.1212
3.144
3.11
3.1428
3.1284
3.1296
3.136
3.1332
3.1704
3.1308
3.1328
3.1408
3.1592
3.1496
3.1228
3.1664
3.1284
3.154
3.1476
3.1388
3.1416
3.1416
3.1248
3.1284
3.1276
3.1324
3.1484
3.1416
3.1516
3.1444
3.1468
3.1612
3.136
3.1552
3.1344
3.1284
3.1604
3.1552
3.1324
3.144
3.152
3.1432
3.172
3.1784
3.1264
3.1484
3.1428
3.1212
3.1604
3.1656
3.1392
3.1432
3.1396
3.1624
3.1436
3.152
3.142
3.1732
3.1744
3.1536
3.1572
3.1348
3.1216
3.1472
3.1556
3.1304
3.1348
3.1352
3.158
3.128
3.146
3.154
3.1432
3.1272
3.1368
3.1568
3.1324
3.1556
3.1388
3.1432
3.1256
3.1496
3.1396
3.1372
3.1564
3.1276
3.1208
3.15
3.12
3.1368
3.1504
3.1636
3.1496
3.1372
3.1596
3.1308
3.1584
3.128
3.1244
3.1196
3.1636
3.1648
3.1176
3.15
3.1284
3.1844
3.1396
3.1368
3.164
3.1456
3.158
3.1436
3.1292
3.1248
3.1716
3.1388
3.1512
3.1636
3.1372
3.1408
3.1428
3.1452
3.1308
3.158
3.1608
3.138
3.1244
3.154
3.156
3.1476
3.1408
3.1216
3.1484
3.1464
3.1648
3.1412
3.1456
3.1444
3.1368
3.1352
3.1304
3.1812
3.1076
3.1496
3.1248
3.1484
3.1464
3.1388
3.1356
3.16
3.1632
3.1452
3.1324
3.1476
3.1496
3.132
3.1336
3.1304
3.1316
3.124
3.1456
3.1492
3.132
3.1496
3.1464
3.1128
3.1404
3.1176
3.1496
3.1324
3.1336
3.1296
3.1428
3.138
3.1564
3.1692
3.1384
3.1468
3.154
3.1348
3.1536
3.164
3.166
3.1104
3.1332
3.1068
3.1176
3.1552
3.152
3.1308
3.1416
3.1452
3.1504
3.182
3.1664
3.1396
3.1176
3.1456
3.148
3.1336
3.1284
3.134
3.144
3.158
3.136
3.1436
3.128
3.126
3.1488
3.1276
3.144
3.1312
3.1576
3.128
3.1404
3.1484
3.1424
3.166
3.1564
3.132
3.1528
3.112
3.156
3.1548
3.1468
3.1492
3.1572
3.1428
3.11
3.1524
3.1684
3.1364
3.14
3.1624
3.11
3.1588
3.144
3.148
3.1236
3.1092
3.1768
3.1312
3.126
3.1496
3.1512
3.1228
3.1272
3.1932
3.1316
3.1636
3.1388
3.1468
3.1508
3.1468
3.0984
3.126
3.1316
3.1652
3.1496
3.1608
3.1508
3.1616
3.1424
3.1328
3.1388
3.1356
3.1332
3.1668
3.132
3.1292
3.1512
3.1248
3.1592
3.1488
3.1424
3.1252
3.1292
3.1108
3.1388
3.158
3.1544
3.1556
3.126
3.1612
3.144
3.1268
3.142
3.1416
3.1556
3.1608
3.1452
3.1224
3.11
3.1368
3.1536
3.152
3.1364
3.1564
3.1296
3.1392
3.1436
3.1664
3.1404
3.1568
3.1392
3.1504
3.1148
3.1436
3.1344
3.1328
3.1256
3.1384
3.134
3.1276
3.1208
3.1236
3.1128
3.1372
3.1552
3.1504
3.1144
3.1204
3.1496
3.1016
3.1444
3.1444
3.1508
3.15
3.1216
3.1424
3.128
3.16
3.166
3.116
3.1376
3.1316
3.1488
3.1308
3.1544
3.1556
3.1512
3.1548
3.1204
3.1384
3.1416
3.1396
3.128
3.14
3.1392
3.1368
3.126
3.1664
3.1192
3.12
3.1548
3.1344
3.1332
3.1244
3.1464
3.1472
3.13
3.1624
3.1696
3.1364
3.148
3.1516
3.15
3.1376
3.1632
3.1244
3.1404
3.1208
3.142
3.1372
3.1256
3.1588
3.1524
3.1504
3.1072
3.1196
3.1276
3.1344
3.1384
3.1472
3.1472
3.1352
3.1356
3.1528
3.1436
3.1464
3.1604
3.1472
3.1216
3.1544
3.1472
3.1784
3.142
3.1508
3.1636
3.144
3.1472
3.1304
3.1572
3.1424
3.1336
3.1508
3.1296
3.1408
3.1844
3.1372
3.126
3.1252
3.1256
3.1484
3.1504
3.1244
3.1388
3.1432
3.162
3.1476
3.1388
3.1328
3.154
3.152
3.134
3.1412
3.1176
3.134
3.1356
3.1652
3.1252
3.1052
3.1716
3.132
3.1312
3.1284
3.1276
3.1608
3.1492
3.1408
3.136
3.1316
3.1356
3.138
3.1176
3.1644
3.1576
3.1412
3.1532
3.1336
3.164
3.1244
3.1484
3.1356
3.15
3.1164
3.11
3.1436
3.1516
3.1552
3.1476
3.1524
3.1388
3.1752
3.1544
3.1344
3.1348
3.1308
3.152
3.1264
3.126
3.124
3.1548
3.1552
3.1596
3.1304
3.1156
3.1572
3.1612
3.1192
3.1432
3.1208
3.1372
3.1148
3.1252
3.1268
3.1296
3.1348
3.1192
3.1492
3.1408
3.148
3.1248
3.1176
3.1468
3.0988
3.1376
3.1472
3.16
3.1336
3.1328
3.1608
3.1428
3.1656
3.1452
3.102
3.1404
3.1504
3.1504
3.1628
3.1324
3.1516
3.1416
3.1388
3.1424
3.1648
3.1396
3.1296
3.1464
3.1364
3.1444
3.1568
3.176
3.1456
3.1588
3.1396
3.1328
3.1504
3.1316
3.1388
3.1376
3.144
3.1428
3.1212
3.1208
3.1348
3.1352
3.144
3.1332
3.166
3.1264
3.1296
3.1492
3.1456
3.1292
3.1404
3.156
3.13
3.146
3.1328
3.1484
3.13
3.1364
3.1168
3.1668
3.1408
3.1264
3.148
3.1216
3.0844
3.1272
3.13
3.1424
3.1524
3.1392
3.15
3.146
3.1364
3.1584
3.1212
3.142
3.138
3.1372
3.118
3.1664
3.1088
3.1392
3.1528
3.1276
3.124
3.1576
3.146
3.172
3.1532
3.1712
3.1408
3.1292
3.1708
3.1524
3.1172
3.1488
3.1324
3.1552
3.1468
3.158
3.148
3.1176
3.126
3.1772
3.1124
3.1284
3.1428
3.1352
3.118
3.148
3.1348
3.1476
3.14
3.1628
3.134
3.1568
3.1456
3.1276
3.1528
3.122
3.148
3.1284
3.142
3.1556
3.124
3.1496
3.1084
3.1364
3.1612
3.1696
3.1436
3.12
3.128
3.162
3.1144
3.1412
3.1284
3.1676
3.1616
3.12
3.1256
3.1276
3.1624
3.15
3.0976
3.1556
3.156
3.1136
3.1492
3.1676
3.132
3.1424
3.1524
3.1184
3.1496
3.1364
3.1436
3.1188
3.1212
3.1592
3.1404
3.1436
3.1408
3.1364
3.1468
3.1512
3.17
3.1736
3.1452
3.152
3.1692
3.142
3.1412
3.1644
3.1384
3.114
3.1552
3.148
3.1108
3.1068
3.1352
3.13
3.1776
3.136
3.1172
3.1524
3.1488
3.1572
3.146
3.1144
3.1304
3.1376
3.1424
3.1124
3.1584
3.1276
3.1368
3.1484
3.1324
3.1428
3.138
3.138
3.1104
3.1408
3.1524
3.1432
3.1548
3.1492
3.1392
3.1264
3.13
3.116
3.1516
3.128
3.1448
3.1492
3.126
3.1388
3.1396
3.1568
3.1488
3.1356
3.1568
3.1168
3.13
3.1308
3.1344
3.1324
3.158
3.1268
3.1288
3.1512
3.1376
3.1464
3.1252
3.16
3.1628
3.1228
3.1184
3.1368
3.1536
3.1192
3.142
3.13
3.1336
3.1776
3.1568
3.168
3.1636
3.1316
3.1148
3.1384
3.1304
3.1476
3.1488
3.1828
3.148
3.1432
3.1528
3.1692
3.1276
3.1332
3.1108
3.128
3.1464
3.1348
3.1
3.1392
3.1304
3.1244
3.1672
3.1168
3.1432
3.1436
3.1628
3.1324
3.114
3.1452
3.1444
3.1696
3.124
3.1132
3.1488
3.1288
3.1348
3.1184
3.1516
3.1532
3.1236
3.1676
3.1444
3.1508
3.1632
3.1684
3.1372
3.15
3.1416
3.1276
3.1568
3.1328
3.1784
3.134
3.1076
3.168
3.1672
3.1324
3.1164
3.1676
3.1664
3.1304
3.1064
3.1188
3.1352
3.1272
3.1384
3.1416
3.14
3.1412
3.152
3.1536
3.1284
3.1104
3.1332
3.1496
3.126
3.1592
3.1476
3.1604
3.1372
3.1208
3.1064
3.1488
3.142
3.126
3.144
3.1192
3.13
3.1552
3.14
3.1256
3.1272
3.1508
3.1512
3.1556
3.1732
3.1464
3.1712
3.1144
3.1356
3.1232
3.1704
3.1284
3.1028
3.1372
3.1524
3.156
3.1364
3.138
3.1444
3.136
3.1308
3.1456
3.1128
3.1592
3.1272
3.1528
3.1676
3.1448
3.1304
3.1508
3.1208
3.1196
3.1636
3.13
3.1436
3.15
3.154
3.132
3.1372
3.1556
3.1408
3.1628
3.1324
3.1296
3.14
3.1352
3.116
3.1088
3.1644
3.1844
3.1372
3.1496
3.1628
3.1656
3.1264
3.1496
3.1692
3.144
3.1436
3.1528
3.1372
3.166
3.1304
3.1452
3.1084
3.1264
3.1248
3.1816
3.1248
3.1572
3.1416
3.1436
3.1248
3.1492
3.1452
3.1724
3.1512
3.1156
3.1212
3.1496
3.1432
3.1572
3.1512
3.1252
3.1532
3.1244
3.15
3.1424
3.1476
3.1472
3.1172
3.1188
3.1456
3.128
3.1268
3.146
3.1872
3.1416
3.1508
3.1568
3.1372
3.1216
3.1308
3.116
3.1628
3.1412
3.1332
3.1252
3.15
3.1496
3.1488
3.1416
3.1424
3.1436
3.154
3.1428
3.1624
3.1488
3.1612
3.1216
3.1448
3.1428
3.1532
3.1412
3.12
3.1432
3.1484
3.1188
3.1584
3.1368
3.1596
3.138
3.1388
3.1516
3.1108
3.1308
3.116
3.1212
3.132
3.1516
3.1688
3.1156
3.1284
3.1276
3.142
3.1508
3.15
3.132
3.1504
3.17
3.1416
3.1344
3.1268
3.1272
3.162
3.1396
3.1188
3.1376
3.1308
3.1552
3.126
3.1404
3.1336
3.1344
3.1556
3.1452
3.122
3.1324
3.1436
3.144
3.1488
3.1272
3.1876
3.1444
3.144
3.1624
3.11
3.1768
3.1724
3.1636
3.1468
3.1592
3.1432
3.1284
3.1884
3.164
3.1532
3.1372
3.1064
3.1292
3.142
3.1536
3.1268
3.1464
3.1256
3.172
3.1532
3.1592
3.1228
3.1592
3.1324
3.1472
3.1696
3.1624
3.172
3.1452
3.116
3.1588
3.144
3.1408
3.1572
3.1232
3.1352
3.1268
3.1588
3.1496
3.1308
3.1276
3.1432
3.1736
3.1264
3.1472
3.138
3.1528
3.1392
3.1348
3.146
3.1608
3.136
3.1516
3.1212
3.148
3.1048
3.1388
3.156
3.1276
3.14
3.1324
3.17
3.142
3.1684
3.138
3.1436
3.1512
3.1132
3.1392
3.122
3.1316
3.1488
3.1448
3.1564
3.1568
3.1372
3.1344
3.1504
3.1216
3.1584
3.1524
3.1536
3.1484
3.1196
3.1304
3.1424
3.1072
3.156
3.1412
3.1376
3.1276
3.1508
3.1392
3.132
3.1252
3.1372
3.1356
3.132
3.156
3.1176
3.1524
3.152
3.1348
3.1392
3.1528
3.1536
3.1444
3.1484
3.1632
3.1484
3.14
3.1488
3.1388
3.1028
3.1768
3.112
3.12
3.144
3.1272
3.1364
3.1376
3.1436
3.1392
3.1568
3.1492
3.1256
3.1564
3.1496
3.1468
3.1328
3.1564
3.13
3.1196
3.1444
3.154
3.1696
3.1412
3.1188
3.128
3.1396
3.1288
3.1656
3.146
3.1288
3.152
3.1396
3.142
3.1272
3.138
3.154
3.1372
3.1256
3.14
3.116
3.156
3.126
3.1648
3.1536
3.156
3.1632
3.1544
3.1516
3.1296
3.1388
3.1448
3.1764
3.128
3.1916
3.14
3.1572
3.1576
3.1476
3.1428
3.1404
3.1688
3.1432
3.1584
3.1408
3.1404
3.1264
3.1512
3.1332
3.1532
3.12
3.1204
3.1396
3.128
3.152
3.1636
3.1476
3.1488
3.1268
3.1512
3.1432
3.1564
3.1376
3.1708
3.156
3.1572
3.1048
3.1368
3.1288
3.1312
3.1404
3.158
3.1188
3.1192
3.1264
3.142
3.1756
3.1592
3.1676
3.132
3.1304
3.1484
3.142
3.1388
3.1228
3.1284
3.1152
3.1212
3.1452
3.142
3.1232
3.1396
3.1208
3.1424
3.1568
3.18
3.1484
3.1412
3.1536
3.1536
3.152
3.1072
3.112
3.1312
3.1456
3.0972
3.1616
3.1468
3.148
3.1348
3.136
3.1264
3.1472
3.1428
3.1312
3.1484
3.0956
3.1492
3.1552
3.1368
3.1168
3.1292
3.136
3.1168
3.1392
3.1248
3.126
3.134
3.1532
3.1348
3.1308
3.1572
3.1364
3.1208
3.1492
3.1048
3.1224
3.1404
3.1428
3.1232
3.1604
3.1396
3.144
3.1172
3.1512
3.1492
3.1428
3.1772
3.1344
3.1548
3.1396
3.16
3.108
3.1488
3.1448
3.142
3.1716
3.1224
3.158
3.1476
3.1332
3.1432
3.1224
3.144
3.1652
3.1536
3.1444
3.1312
3.1264
3.1168
3.1544
3.1268
3.1264
3.1376
3.1356
3.114
3.1168
3.1312
3.1412
3.1304
3.1332
3.1228
3.1152
3.1352
3.1284
3.1544
3.1416
3.15
3.1416
3.1024
3.146
3.1492
3.1592
3.146
3.1688
3.1392
3.1452
3.1388
3.14
3.1424
3.1152
3.1044
3.1456
3.1536
3.1304
3.1504
3.1584
3.1324
3.1084
3.1492
3.1408
3.1316
3.148
3.1404
3.1476
3.1324
3.164
3.1416
3.1696
3.1332
3.1508
3.132
3.1536
3.1428
3.14
3.1728
3.136
3.1612
3.1224
3.1356
3.1184
3.1368
3.1376
3.1532
3.1472
3.1568
3.164
3.1428
3.1376
3.1488
3.1268
3.1392
3.1068
3.1396
3.126
3.1372
3.152
3.1184
3.1428
3.1376
3.13
3.1348
3.1372
3.1304
3.1448
3.144
3.1256
3.1576
3.1452
3.1608
3.1464
3.1036
3.1232
3.1408
3.1284
3.1516
3.1608
3.146
3.1432
3.1236
3.1496
3.1288
3.1356
3.1332
3.1408
3.1524
3.1276
3.1568
3.148
3.1388
3.1112
3.1256
3.1296
3.1456
3.1496
3.15
3.1388
3.118
3.1696
3.1396
3.1348
3.1336
3.1464
3.1284
3.1432
3.156
3.1444
3.1344
3.1404
3.144
3.12
3.1984
3.128
3.1276
3.1672
3.1296
3.1624
3.1532
3.1488
3.1584
3.1224
3.1316
3.1268
3.1584
3.1388
3.1552
3.1468
3.17
3.1672
3.134
3.1612
3.1068
3.164
3.0852
3.1452
3.1328
3.1232
3.1316
3.1276
3.1388
3.1368
3.1424
3.1284
3.1664
3.144
3.1508
3.1096
3.144
3.1556
3.1752
3.1332
3.1504
3.1104
3.164
3.1424
3.1664
3.1016
3.1264
3.1552
3.1704
3.162
3.126
3.1744
3.1328
3.1664
3.1152
3.1236
3.1272
3.1608
3.1036
3.1488
3.1892
3.1268
3.14
3.1352
3.1844
3.1496
3.172
3.1232
3.1268
3.1272
3.1524
3.1544
3.1348
3.1148
3.1556
3.1568
3.122
3.1512
3.1536
3.144
3.1272
3.1548
3.1288
3.1448
3.1332
3.1324
3.128
3.1436
3.136
3.1216
3.1404
3.1484
3.1468
3.1628
3.156
3.1472
3.15
3.1436
3.1456
3.1736
3.16
3.1408
3.1304
3.1472
3.1544
3.1432
3.1636
3.1672
3.1432
3.1368
3.142
3.1348
3.128
3.16
3.124
3.1504
3.126
3.1192
3.114
3.1252
3.164
3.15
3.1568
3.1528
3.166
3.1432
3.154
3.1372
3.156
3.1336
3.1432
3.152
3.1264
3.0932
3.1488
3.1508
3.1228
3.1392
3.1624
3.1624
3.1676
3.1312
3.1276
3.1288
3.1684
3.122
3.1228
3.1532
3.1116
3.1304
3.1608
3.1512
3.1176
3.1396
3.1376
3.13
3.1304
3.1672
3.1412
3.1292
3.1468
3.1772
3.1352
3.116
3.1356
3.1616
3.1516
3.1624
3.1316
3.1896
3.1276
3.1312
3.1444
3.1596
3.1632
3.1248
3.1404
3.1328
3.1148
3.1356
3.1076
3.1376
3.1144
3.1456
3.1216
3.16
3.1176
3.1556
3.1424
3.1716
3.1324
3.1712
3.1252
3.1288
3.146
3.12
3.1636
3.1644
3.1364
3.1628
3.1252
3.1464
3.1428
3.1744
3.1448
3.146
3.166
3.122
3.1584
3.1312
3.154
3.1448
3.1484
3.1464
3.1324
3.1596
3.1464
3.1316
3.1312
3.1484
3.1176
3.1316
3.1412
3.1224
3.1376
3.1468
3.1336
3.1228
3.1304
3.1532
3.1244
3.1616
3.1444
3.1252
3.1424
3.1136
3.1332
3.1388
3.1308
3.1632
3.1564
3.152
3.1532
3.148
3.1288
3.1616
3.1524
3.1612
3.1336
3.114
3.1192
3.152
3.1564
3.1432
3.138
3.1448
3.1132
3.1336
3.154
3.1372
3.1664
3.136
3.1056
3.1384
3.1256
3.108
3.116
3.1272
3.1356
3.1448
3.1644
3.1476
3.1464
3.138
3.1016
3.136
3.1544
3.1396
3.1448
3.1428
3.1048
3.1432
3.1504
3.1472
3.1692
3.1248
3.1316
3.1484
3.124
3.1288
3.1228
3.1356
3.1608
3.146
3.1232
3.1452
3.1264
3.1656
3.1532
3.1232
3.1464
3.1336
3.1136
3.1284
3.134
3.1644
3.1288
3.1512
3.1104
3.1444
3.1572
3.1136
3.1404
3.1596
3.1456
3.1468
3.1312
3.136
3.1388
3.1692
3.1428
3.1096
3.1348
3.184
3.1352
3.146
3.1408
3.1388
3.1128
3.152
3.1512
3.1448
3.1716
3.1228
3.1424
3.1376
3.1396
3.1308
3.142
3.1424
3.1216
3.162
3.1712
3.1376
3.1332
3.1232
3.1192
3.13
3.1356
3.1304
3.1192
3.148
3.136
3.1436
3.1616
3.1252
3.1636
3.1432
3.1604
3.1116
3.1716
3.1276
3.1272
3.1588
3.1308
3.1276
3.1644
3.1636
3.1636
3.1224
3.1676
3.1368
3.1284
3.116
3.116
3.12
3.1328
3.136
3.1616
3.1596
3.1444
3.1396
3.1376
3.1472
3.1272
3.126
3.152
3.148
3.1172
3.164
3.1352
3.1572
3.1412
3.1792
3.1416
3.1324
3.1444
3.1424
3.1316
3.1592
3.1668
3.19
3.136
3.1344
3.1276
3.1044
3.1608
3.1168
3.152
3.1388
3.1244
3.1656
3.1372
3.1552
3.1296
3.1728
3.148
3.1548
3.1348
3.1536
3.1344
3.144
3.1316
3.1432
3.1516
3.1336
3.1384
3.1608
3.1456
3.1212
3.1372
3.1124
3.1116
3.1212
3.1616
3.1548
3.142
3.1396
3.1916
3.162
3.1652
3.1532
3.1536
3.1384
3.1224
3.128
3.1692
3.1572
3.1204
3.1552
3.1616
3.1308
3.1216
3.1296
3.1484
3.1648
3.1504
3.1356
3.1436
3.142
3.1644
3.1356
3.152
3.1636
3.1712
3.1468
3.1156
3.1436
3.1096
3.1396
3.1312
3.1468
3.1568
3.1596
3.1288
3.1196
3.1456
3.1352
3.1264
3.1172
3.1208
3.126
3.074
3.1304
3.1044
3.1124
3.1368
3.1316
3.1372
3.1784
3.168
3.1396
3.1248
3.1324
3.1616
3.1372
3.1316
3.14
3.128
3.1396
3.1608
3.1204
3.1284
3.1764
3.1092
3.1152
3.1392
3.1488
3.136
3.1484
3.1596
3.1608
3.1524
3.1376
3.1212
3.1368
3.136
3.1368
3.1332
3.1496
3.1144
3.1584
3.146
3.1556
3.1492
3.1896
3.1592
3.1032
3.1416
3.144
3.1368
3.144
3.1416
3.134
3.1332
3.1616
3.1624
3.1444
3.122
3.1548
3.1548
3.162
3.1468
3.1468
3.15
3.1232
3.1316
3.1548
3.1372
3.1468
3.142
3.1076
3.134
3.116
3.1476
3.1508
3.1516
3.1188
3.154
3.1512
3.1568
3.1156
3.1428
3.1276
3.114
3.1456
3.1668
3.1316
3.1444
3.1384
3.124
3.1296
3.1448
3.1536
3.1428
3.1532
3.1404
3.1484
3.1232
3.1392
3.1456
3.1348
3.1256
3.1468
3.1436
3.1476
3.182
3.114
3.1336
3.1428
3.1304
3.1324
3.1496
3.116
3.1392
3.1596
3.1544
3.1356
3.1652
3.1044
3.1424
3.1424
3.1348
3.1288
3.1428
3.1532
3.1388
3.1168
3.1384
3.1464
3.15
3.144
3.1756
3.1336
3.1204
3.1564
3.1728
3.1412
3.1416
3.1616
3.1412
3.116
3.1188
3.1092
3.1284
3.152
3.1464
3.1136
3.1832
3.1556
3.1524
3.1464
3.1528
3.1436
3.1452
3.1056
3.1468
3.132
3.1348
3.1816
3.1176
3.1592
3.1456
3.1504
3.1396
3.1568
3.1556
3.1472
3.126
3.1004
3.144
3.1592
3.1596
3.148
3.1532
3.1444
3.1508
3.1544
3.1572
3.1232
3.1292
3.1264
3.1312
3.1416
3.1496
3.1504
3.13
3.1508
3.1336
3.1016
3.1532
3.1208
3.152
3.1816
3.136
3.0824
3.1436
3.1232
3.1504
3.116
3.1368
3.1404
3.0996
3.1684
3.1452
3.1356
3.1576
3.1676
3.1552
3.1332
3.144
3.1408
3.14
3.1312
3.1484
3.1364
3.1292
3.1308
3.142
3.168
3.1352
3.1312
3.146
3.1436
3.1516
3.1336
3.1328
3.1456
3.1588
3.1412
3.1308
3.1268
3.1676
3.136
3.1412
3.1428
3.1344
3.1196
3.1608
3.1704
3.1276
3.1544
3.1112
3.1372
3.1404
3.1404
3.1716
3.1032
3.1568
3.1508
3.1368
3.1496
3.1516
3.144
3.1484
3.114
3.1484
3.1536
3.136
3.1476
3.1364
3.1296
3.124
3.1392
3.1284
3.152
3.1264
3.124
3.13
3.1348
3.1556
3.1396
3.1348
3.1368
3.1172
3.1608
3.1688
3.1484
3.1328
3.1432
3.1452
3.1252
3.154
3.152
3.1364
3.146
3.1424
3.1412
3.1232
3.1688
3.1368
3.1348
3.1008
3.124
3.1332
3.1192
3.1588
3.1428
3.1456
3.1504
3.1512
3.154
3.1464
3.1672
3.1644
3.1576
3.1352
3.1312
3.1252
3.1716
3.1352
3.1232
3.1448
3.1256
3.1248
3.1308
3.1444
3.1332
3.1388
3.142
3.1488
3.1748
3.1328
3.1388
3.1544
3.118
3.1368
3.1432
3.1372
3.134
3.1448
3.1648
3.1364
3.1484
3.1408
3.1376
3.128
3.1336
3.1244
3.1372
3.1584
3.15
3.1432
3.146
3.1424
3.1352
3.16
3.1164
3.1424
3.1608
3.164
3.14
3.1324
3.158
3.1316
3.124
3.1276
3.1856
3.1444
3.1328
3.1596
3.136
3.1504
3.1312
3.144
3.1496
3.1384
3.1404
3.1644
3.1264
3.1252
3.1244
3.1456
3.1404
3.1508
3.1588
3.1352
3.1556
3.16
3.154
3.1072
3.1848
3.1668
3.1124
3.12
3.1608
3.158
3.1508
3.1368
3.146
3.1312
3.1392
3.1512
3.1388
3.1532
3.1368
3.1264
3.1912
3.122
3.1296
3.1284
3.16
3.1148
3.1156
3.1312
3.1436
3.124
3.1176
3.1276
3.1408
3.146
3.1424
3.1268
3.1216
3.1492
3.1404
3.1608
3.146
3.1532
3.1312
3.1172
3.1496
3.1396
3.14
3.1484
3.1312
3.158
3.1412
3.1168
3.1184
3.1448
3.1616
3.1692
3.1388
3.1408
3.1572
3.1144
3.1116
3.1352
3.1428
3.164
3.1372
3.1128
3.1432
3.1348
3.112
3.1448
3.1464
3.1576
3.126
3.1512
3.1464
3.15
3.136
3.1448
3.1208
3.1488
3.132
3.1236
3.1628
3.1424
3.1336
3.138
3.118
3.1304
3.1476
3.1188
3.1652
3.1616
3.164
3.1352
3.1084
3.1364
3.1304
3.1508
3.134
3.1556
3.1244
3.1468
3.1624
3.1576
3.13
3.1208
3.1588
3.1308
3.1368
3.132
3.154
3.1416
3.1464
3.1656
3.1468
3.144
3.1432
3.162
3.1516
3.1452
3.1392
3.1368
3.1304
3.1452
3.1288
3.1336
3.1348
3.1432
3.1632
3.1476
3.152
3.16
3.164
3.1284
3.1224
3.126
3.1296
3.1336
3.1536
3.1336
3.1524
3.1664
3.1444
3.138
3.1672
3.1548
3.1036
3.1116
3.1264
3.1488
3.1352
3.1456
3.1604
3.1568
3.1436
3.1084
3.1404
3.1304
3.128
3.1504
3.1472
3.1292
3.11
3.1448
3.1672
3.1504
3.1184
3.1548
3.146
3.1156
3.1476
3.1364
3.1296
3.1536
3.1256
3.1496
3.1252
3.1216
3.1084
3.1352
3.1556
3.1568
3.1284
3.1256
3.1552
3.1684
3.1296
3.1432
3.1532
3.1596
3.162
3.1228
3.1204
3.1244
3.1744
3.14
3.1016
3.1364
3.138
3.1332
3.1728
3.1432
3.154
3.1372
3.1244
3.1588
3.146
3.1464
3.1272
3.1496
3.1304
3.126
3.1752
3.1572
3.152
3.1324
3.112
3.1484
3.1528
3.152
3.1192
3.1324
3.1508
3.1484
3.1572
3.1456
3.1248
3.1572
3.146
3.158
3.1384
3.1364
3.1148
3.1416
3.1352
3.1476
3.1232
3.168
3.1216
3.1124
3.1184
3.1128
3.1708
3.1744
3.1256
3.144
3.1196
3.1556
3.1312
3.1308
3.1624
3.1528
3.1424
3.1636
3.1464
3.1508
3.1244
3.1504
3.1372
3.1348
3.136
3.1436
3.1304
3.1432
3.1116
3.154
3.1328
3.1552
3.0992
3.13
3.1464
3.1428
3.1584
3.1508
3.132
3.1476
3.1444
3.1544
3.1412
3.1452
3.1176
3.1596
3.1444
3.1256
3.1484
3.134
3.1232
3.1612
3.1292
3.1404
3.14
3.1532
3.1704
3.1244
3.16
3.1588
3.1248
3.136
3.1384
3.1228
3.1448
3.1424
3.1356
3.1308
3.1312
3.1432
3.1472
3.1196
3.1348
3.1508
3.1288
3.1332
3.1432
3.1256
3.1512
3.1184
3.1488
3.148
3.1488
3.136
3.1448
3.1304
3.1024
3.138
3.1452
3.172
3.1596
3.134
3.1508
3.14
3.15
3.1544
3.1504
3.1188
3.1708
3.1268
3.1644
3.1572
3.1456
3.1436
3.144
3.154
3.1636
3.1292
3.164
3.124
3.1416
3.146
3.1244
3.1512
3.1336
3.1264
3.134
3.1244
3.1296
3.1724
3.1292
3.1732
3.1228
3.1492
3.1252
3.1352
3.1876
3.1588
3.1536
3.0924
3.1208
3.1456
3.1316
3.1272
3.1336
3.154
3.1828
3.14
3.126
3.1152
3.1524
3.1368
3.1472
3.1304
3.148
3.1096
3.1496
3.152
3.1396
3.1184
3.162
3.1292
3.1808
3.15
3.1416
3.16
3.1336
3.1268
3.1408
3.1576
3.156
3.1544
3.1724
3.1392
3.1652
3.1648
3.16
3.1376
3.1248
3.1384
3.142
3.1376
3.1364
3.1552
3.1308
3.1408
3.1144
3.1312
3.1288
3.1296
3.1416
3.1376
3.114
3.1512
3.1508
3.1352
3.1516
3.15
3.136
3.1532
3.1268
3.1252
3.156
3.16
3.1476
3.1424
3.1436
3.1468
3.1584
3.1472
3.1528
3.1824
3.13
3.1396
3.144
3.1252
3.1488
3.1092
3.1448
3.1548
3.1388
3.1428
3.1208
3.1592
3.1276
3.1464
3.1552
3.1388
3.1428
3.14
3.1492
3.1432
3.1232
3.142
3.1408
3.1392
3.136
3.1244
3.18
3.1388
3.136
3.1176
3.1292
3.1388
3.1268
3.1392
3.1464
3.1404
3.112
3.154
3.1232
3.1168
3.1604
3.166
3.152
3.1388
3.1176
3.1436
3.1276
3.14
3.1316
3.1312
3.1292
3.1352
3.1432
3.1488
3.136
3.1264
3.1516
3.1216
3.1364
3.1404
3.1124
3.1372
3.14
3.1512
3.1412
3.11
3.0804
3.1248
3.1488
3.1756
3.1472
3.1024
3.12
3.1488
3.1416
3.108
3.1472
3.1036
3.1272
3.0988
3.1344
3.1452
3.1416
3.1384
3.1304
3.1104
3.108
3.1144
3.1496
3.138
3.1552
3.116
3.1504
3.1416
3.1464
3.122
3.16
3.1408
3.1628
3.1604
3.156
3.1704
3.1476
3.1588
3.1312
3.1436
3.1496
3.1296
3.1528
3.1688
3.1096
3.1484
3.1408
3.1344
3.16
3.1588
3.1244
3.1412
3.1232
3.1104
3.1348
3.1472
3.1532
3.1572
3.1568
3.1596
3.1576
3.1588
3.1596
3.1252
3.152
3.1572
3.13
3.1636
3.1416
3.1644
3.1472
3.1492
3.1684
3.1436
3.1232
3.1496
3.1776
3.1188
3.1668
3.1324
3.1496
3.138
3.1636
3.1368
3.1376
3.1524
3.1288
3.1756
3.1536
3.146
3.1268
3.1612
3.1352
3.1292
3.1364
3.108
3.1508
3.126
3.1372
3.1332
3.1464
3.16
3.1656
3.1304
3.1436
3.1372
3.152
3.1428
3.1484
3.1184
3.1464
3.1492
3.1456
3.1464
3.1488
3.156
3.1368
3.162
3.1484
3.158
3.1392
3.1308
3.144
3.1508
3.1668
3.1168
3.1376
3.1484
3.1232
3.1476
3.1376
3.1416
3.1572
3.128
3.1532
3.1452
3.1652
3.1256
3.1436
3.1152
3.1708
3.1128
3.1212
3.132
3.1328
3.1636
3.106
3.1432
3.1508
3.1468
3.1516
3.1432
3.1488
3.1188
3.1188
3.148
3.12
3.1404
3.1336
3.1724
3.1596
3.1588
3.1364
3.1576
3.154
3.1268
3.14
3.1236
3.1444
3.1284
3.1432
3.148
3.1384
3.134
3.1208
3.124
3.1424
3.1564
3.1232
3.1376
3.128
3.1352
3.1152
3.1312
3.1276
3.1192
3.1492
3.144
3.1528
3.1344
3.1516
3.1544
3.1324
3.1332
3.1004
3.176
3.1204
3.1668
3.162
3.1712
3.1356
3.126
3.128
3.1236
3.1388
3.1424
3.136
3.1372
3.1344
3.136
3.1348
3.134
3.1388
3.1308
3.1228
3.134
3.1292
3.12
3.1364
3.162
3.132
3.1496
3.116
3.1528
3.1636
3.174
3.1476
3.1588
3.1444
3.1456
3.146
3.1508
3.1724
3.1292
3.1468
3.1576
3.118
3.1348
3.1732
3.1632
3.152
3.1308
3.126
3.1336
3.1176
3.124
3.1552
3.1592
3.1492
3.126
3.1476
3.1548
3.1564
3.1192
3.158
3.1108
3.1276
3.1132
3.1452
3.136
3.1512
3.1432
3.1416
3.128
3.144
3.1612
3.17
3.1716
3.1308
3.134
3.178
3.1488
3.152
3.1336
3.1476
3.1448
3.1356
3.14
3.136
3.1472
3.1364
3.13
3.152
3.1184
3.1492
3.1468
3.1364
3.1664
3.1136
3.1672
3.1528
3.1592
3.1524
3.1304
3.148
3.1192
3.1384
3.154
3.1492
3.124
3.1348
3.1436
3.134
3.1628
3.1532
3.1392
3.15
3.1292
3.144
3.1144
3.1508
3.1336
3.1656
3.1364
3.132
3.1568
3.1716
3.1204
3.1232
3.1584
3.1324
3.1312
3.1608
3.166
3.1376
3.1496
3.1476
3.1336
3.1452
3.1268
3.1464
3.15
3.134
3.1268
3.1348
3.128
3.1488
3.134
3.1652
3.1116
3.1196
3.1488
3.1372
3.114
3.1536
3.1632
3.136
3.1556
3.1268
3.1468
3.1524
3.1608
3.1392
3.1764
3.1252
3.1548
3.1644
3.1284
3.1552
3.144
3.1828
3.1388
3.1312
3.138
3.1312
3.156
3.1564
3.13
3.156
3.1484
3.1416
3.166
3.14
3.1548
3.1572
3.1404
3.1568
3.158
3.1372
3.132
3.1536
3.1456
3.1452
3.1468
3.14
3.1768
3.126
3.148
3.1436
3.1252
3.1604
3.1488
3.152
3.1568
3.1552
3.1624
3.1264
3.134
3.1192
3.1444
3.1324
3.1236
3.14
3.162
3.1364
3.1608
3.1332
3.126
3.1588
3.1348
3.12
3.1228
3.166
3.1296
3.1368
3.17
3.1608
3.146
3.1532
3.1508
3.124
3.1324
3.1292
3.1208
3.1696
3.1432
3.1136
3.1332
3.152
3.1368
3.168
3.1208
3.152
3.1432
3.1892
3.154
3.1248
3.1696
3.1332
3.1576
3.1744
3.148
3.1388
3.1064
3.1588
3.1528
3.1524
3.1532
3.1196
3.122
3.1268
3.1128
3.1476
3.1588
3.1616
3.1124
3.1368
3.1276
3.1212
3.158
3.1344
3.1524
3.1172
3.1252
3.1476
3.1772
3.1436
3.1464
3.1468
3.1452
3.1172
3.1096
3.1504
3.142
3.1248
3.1968
3.126
3.1448
3.1348
3.1696
3.1264
3.1372
3.158
3.1304
3.1508
3.1652
3.112
3.1508
3.1564
3.15
3.1704
3.1408
3.1268
3.1516
3.142
3.1472
3.138
3.1468
3.124
3.128
3.13
3.1284
3.118
3.1468
3.1428
3.1428
3.1556
3.1336
3.1424
3.1408
3.1352
3.1352
3.162
3.1524
3.1284
3.1316
3.1388
3.1636
3.142
3.1248
3.168
3.1296
3.1284
3.1568
3.168
3.1212
3.1456
3.1316
3.128
3.1476
3.128
3.146
3.146
3.1588
3.1928
3.1548
3.1688
3.1272
3.1396
3.1612
3.1316
3.1232
3.134
3.1396
3.134
3.1172
3.1612
3.1512
3.1484
3.142
3.1328
3.148
3.1568
3.1196
3.1564
3.1604
3.1424
3.1248
3.1712
3.1316
3.1532
3.1136
3.1468
3.1396
3.1528
3.1452
3.154
3.1604
3.1376
3.1684
3.158
3.1496
3.1368
3.1536
3.1424
3.1336
3.1412
3.1108
3.1776
3.1268
3.15
3.1284
3.124
3.1312
3.1672
3.1564
3.12
3.164
3.1272
3.1504
3.1304
3.1584
3.1408
3.13
3.1424
3.1844
3.1184
3.1216
3.1372
3.1328
3.1596
3.1264
3.124
3.1568
3.1408
3.142
3.1336
3.1464
3.138
3.1304
3.1496
3.1244
3.1484
3.1488
3.1424
3.1516
3.1676
3.1528
3.1532
3.1288
3.126
3.1124
3.1536
3.1488
3.1512
3.1596
3.1456
3.1308
3.0976
3.1572
3.1636
3.1896
3.14
3.1288
3.1388
3.1352
3.1348
3.1428
3.118
3.1152
3.116
3.142
3.1516
3.1324
3.1236
3.1408
3.1784
3.1596
3.1092
3.1156
3.1508
3.1352
3.132
3.1632
3.1464
3.1404
3.154
3.1392
3.1516
3.1588
3.1268
3.1588
3.154
3.1348
3.1544
3.124
3.154
3.166
3.1552
3.1128
3.1672
3.1328
3.1328
3.1404
3.1308
3.1584
3.16
3.1548
3.1248
3.1592
3.1328
3.1648
3.114
3.1768
3.1392
3.1596
3.1172
3.1384
3.1832
3.122
3.1424
3.1496
3.1364
3.1212
3.1312
3.1428
3.132
3.152
3.1196
3.1348
3.1528
3.15
3.1532
3.1652
3.152
3.1352
3.136
3.1336
3.1332
3.1696
3.1196
3.1316
3.1364
3.1348
3.1348
3.1196
3.1448
3.1628
3.1492
3.136
3.1424
3.1508
3.164
3.1424
3.132
3.1556
3.134
3.1604
3.1624
3.1296
3.1564
3.1272
3.1568
3.124
3.1312
3.126
3.1432
3.1424
3.1276
3.1684
3.1528
3.1416
3.1232
3.1364
3.164
3.1612
3.174
3.132
3.1412
3.116
3.15
3.1356
3.168
3.1228
3.1588
3.1292
3.154
3.1408
3.1472
3.13
3.1416
3.144
3.148
3.1404
3.1552
3.1224
3.1232
3.138
3.1492
3.132
3.1484
3.11
3.1364
3.1196
3.1328
3.1316
3.1032
3.1428
3.1284
3.1424
3.1712
3.1256
3.126
3.1368
3.158
3.1532
3.1736
3.1392
3.1344
3.146
3.1236
3.164
3.148
3.1548
3.1596
3.1664
3.128
3.1616
3.0888
3.1288
3.13
3.1616
3.1432
3.1096
3.1844
3.146
3.1348
3.1364
3.1572
3.1308
3.1176
3.1632
3.1416
3.1252
3.1232
3.1432
3.118
3.1764
3.1508
3.1348
3.1652
3.1728
3.1328
3.1436
3.1572
3.1392
3.13
3.142
3.1396
3.104
3.1216
3.1612
3.1248
3.1092
3.1256
3.1528
3.122
3.1312
3.1436
3.1544
3.122
3.16
3.1528
3.1328
3.1408
3.1604
3.1456
3.1072
3.128
3.1044
3.1412
3.1336
3.1324
3.1568
3.11
3.1268
3.1572
3.1436
3.1508
3.11
3.1284
3.1484
3.156
3.1392
3.1228
3.1396
3.114
3.1556
3.194
3.1444
3.1192
3.1244
3.1456
3.1392
3.1396
3.146
3.134
3.1312
3.1468
3.1588
3.1564
3.1304
3.1648
3.146
3.1532
3.1432
3.15
3.1676
3.1536
3.132
3.122
3.1568
3.1444
3.1416
3.1468
3.158
3.1496
3.1248
3.1292
3.1268
3.1484
3.1584
3.1572
3.1284
3.1392
3.1528
3.1432
3.1212
3.128
3.1492
3.1512
3.1408
3.152
3.1604
3.1292
3.176
3.1584
3.1324
3.1308
3.1464
3.1144
3.1556
3.1
3.1576
3.0996
3.1368
3.154
3.136
3.1468
3.162
3.138
3.1344
3.1356
3.1132
3.1428
3.1332
3.14
3.172
3.1088
3.1796
3.1444
3.1292
3.15
3.1484
3.1432
3.1444
3.1108
3.1304
3.1548
3.128
3.1804
3.1384
3.1588
3.132
3.1492
3.114
3.1716
3.1332
3.1424
3.156
3.154
3.1496
3.1492
3.1228
3.1432
3.1492
3.1292
3.1084
3.136
3.1736
3.1652
3.1164
3.1464
3.1444
3.1452
3.1488
3.1432
3.1296
3.1452
3.1276
3.1472
3.1364
3.16
3.1564
3.1356
3.1484
3.1488
3.1644
3.1648
3.138
3.114
3.1416
3.1364
3.148
3.1512
3.1452
3.174
3.1624
3.1672
3.1284
3.1548
3.1508
3.1288
3.1144
3.1636
3.1404
3.1328
3.134
3.134
3.1392
3.1392
3.1236
3.1608
3.1332
3.1548
3.1324
3.1424
3.1468
3.138
3.1316
3.152
3.1812
3.1268
3.1336
3.1524
3.1456
3.1188
3.1472
3.166
3.1304
3.1756
3.1492
3.1392
3.1456
3.1252
3.1604
3.1296
3.1484
3.1364
3.1552
3.1484
3.1404
3.1468
3.122
3.1412
3.1532
3.164
3.1244
3.1228
3.1448
3.152
3.1044
3.1484
3.1332
3.1084
3.1152
3.1136
3.124
3.1416
3.1568
3.1292
3.1496
3.1392
3.1724
3.1528
3.1508
3.1388
3.1488
3.134
3.16
3.1292
3.142
3.1604
3.1388
3.1276
3.1728
3.1384
3.1536
3.1372
3.1548
3.1632
3.1164
3.1384
3.134
3.1168
3.1284
3.1288
3.15
3.1508
3.1652
3.1312
3.144
3.1724
3.162
3.154
3.1576
3.1344
3.156
3.146
3.1372
3.1288
3.1368
3.1216
3.1216
3.13
3.1148
3.1616
3.1392
3.17
3.1512
3.1556
3.1248
3.1152
3.1192
3.1428
3.1192
3.1292
3.1568
3.1324
3.146
3.1128
3.166
3.1016
3.1552
3.1176
3.1804
3.142
3.142
3.1676
3.1576
3.1356
3.1224
3.1544
3.1404
3.1424
3.1428
3.1468
3.1464
3.1464
3.1292
3.15
3.1
3.1508
3.12
3.1324
3.0844
3.1404
3.1524
3.13
3.132
3.1516
3.1468
3.1632
3.1328
3.1212
3.1472
3.126
3.152
3.184
3.1676
3.1416
3.1616
3.1392
3.124
3.1404
3.1548
3.1412
3.1416
3.13
3.114
3.1464
3.1608
3.1168
3.1528
3.1348
3.1812
3.1404
3.1696
3.132
3.0976
3.1272
3.13
3.11
3.152
3.1372
3.146
3.1324
3.136
3.1472
3.1228
3.1672
3.17
3.164
3.134
3.1636
3.1604
3.1312
3.156
3.1428
3.1156
3.1308
3.1268
3.142
3.1536
3.1616
3.13
3.1492
3.142
3.1348
3.1352
3.122
3.1216
3.1356
3.1184
3.1172
3.1228
3.142
3.1476
3.1528
3.1608
3.1448
3.1592
3.1296
3.1396
3.1264
3.1452
3.1512
3.1608
3.1328
3.1772
3.1456
3.1368
3.1248
3.1396
3.1448
3.1512
3.1588
3.148
3.138
3.1716
3.1584
3.17
3.1544
3.082
3.1628
3.1272
3.146
3.156
3.1472
3.114
3.144
3.17
3.1472
3.1416
3.1252
3.1524
3.1444
3.1348
3.1528
3.1484
3.152
3.1452
3.162
3.148
3.1632
3.1296
3.1212
3.1468
3.1236
3.1372
3.1444
3.1052
3.12
3.152
3.1536
3.1496
3.1396
3.1516
3.1224
3.1544
3.1428
3.1312
3.1556
3.1344
3.1428
3.1428
3.1404
3.1056
3.1328
3.1204
3.1436
3.108
3.1304
3.1244
3.1524
3.148
3.1232
3.168
3.1412
3.1644
3.1536
3.1432
3.162
3.1472
3.13
3.128
3.124
3.15
3.1528
3.1396
3.1236
3.1652
3.1668
3.1352
3.134
3.1452
3.1556
3.142
3.1328
3.1632
3.1516
3.152
3.1176
3.1344
3.1136
3.1632
3.144
3.132
3.1372
3.1448
3.1316
3.1648
3.1292
3.1376
3.1208
3.1552
3.1232
3.1532
3.1408
3.1872
3.144
3.1548
3.1644
3.1368
3.1512
3.1476
3.1448
3.1396
3.1412
3.1544
3.1356
3.182
3.1708
3.1276
3.1448
3.1232
3.1392
3.1308
3.1244
3.1636
3.1172
3.1488
3.1212
3.1692
3.152
3.1512
3.1372
3.1196
3.1292
3.1604
3.1732
3.1468
3.1568
3.1384
3.1416
3.134
3.1436
3.1504
3.1204
3.1508
3.1528
3.1436
3.164
3.1608
3.1204
3.0912
3.1196
3.1588
3.1388
3.1312
3.1544
3.1392
3.132
3.1672
3.1092
3.1472
3.158
3.1336
3.1368
3.1172
3.1584
3.1316
3.1252
3.1564
3.1256
3.1652
3.1616
3.112
3.1656
3.1492
3.1296
3.1396
3.1196
3.1576
3.1532
3.1472
3.144
3.1404
3.1648
3.1468
3.102
3.1252
3.1388
3.18
3.1044
3.1388
3.1572
3.15
3.1176
3.1344
3.1028
3.1356
3.1456
3.1248
3.138
3.1696
3.14
3.1132
3.1172
3.142
3.114
3.1632
3.1632
3.1664
3.1248
3.1732
3.1292
3.126
3.1536
3.1616
3.1292
3.1304
3.1328
3.1572
3.1376
3.1236
3.1268
3.1364
3.148
3.1316
3.15
3.1284
3.1392
3.1416
3.1252
3.1236
3.1092
3.142
3.1896
3.1332
3.1464
3.138
3.1152
3.1356
3.1708
3.162
3.1584
3.126
3.1444
3.132
3.1836
3.1568
3.14
3.1488
3.15
3.1292
3.1264
3.1292
3.1372
3.1336
3.1372
3.118
3.1408
3.136
3.1512
3.1548
3.1456
3.1576
3.122
3.1244
3.1512
3.1372
3.1756
3.156
3.1548
3.1516
3.0852
3.1512
3.1476
3.1212
3.1548
3.1572
3.1384
3.126
3.154
3.1568
3.1456
3.1504
3.1604
3.1352
3.12
3.1488
3.1192
3.1528
3.17
3.1188
3.1176
3.1476
3.136
3.1052
3.1424
3.1224
3.1268
3.1412
3.1164
3.1556
3.1524
3.1656
3.1424
3.1356
3.1508
3.1368
3.1492
3.1444
3.166
3.1524
3.16
3.1316
3.098
3.1356
3.1264
3.128
3.1424
3.1348
3.1716
3.154
3.1476
3.1116
3.1108
3.1524
3.1292
3.138
3.1408
3.1424
3.1424
3.1268
3.1184
3.1424
3.15
3.1444
3.1636
3.1248
3.1404
3.128
3.144
3.096
3.16
3.1112
3.134
3.1328
3.1544
3.118
3.1508
3.15
3.1492
3.1568
3.1816
3.1336
3.1712
3.1492
3.1456
3.1492
3.1552
3.1528
3.148
3.1356
3.1344
3.146
3.1516
3.1632
3.1136
3.108
3.1392
3.1304
3.1344
3.138
3.1432
3.13
3.1444
3.1536
3.1548
3.1384
3.1388
3.1624
3.1392
3.16
3.1568
3.1408
3.14
3.1164
3.1316
3.1468
3.1176
3.16
3.144
3.1092
3.1412
3.1332
3.1288
3.1192
3.1648
3.132
3.1512
3.142
3.1452
3.1596
3.1512
3.1688
3.1688
3.1476
3.138
3.1516
3.1208
3.1404
3.1496
3.1748
3.1548
3.1636
3.1528
3.1248
3.1504
3.1696
3.186
3.16
3.1336
3.1468
3.1548
3.1388
3.1484
3.1604
3.15
3.1472
3.164
3.114
3.1652
3.156
3.1408
3.1584
3.1456
3.162
3.1512
3.15
3.1036
3.1504
3.1512
3.1304
3.1384
3.1172
3.1532
3.1308
3.1452
3.1508
3.1368
3.1332
3.176
3.1308
3.1328
3.1544
3.1344
3.1532
3.1228
3.182
3.154
3.12
3.128
3.1388
3.1348
3.1344
3.1628
3.1572
3.102
3.1292
3.0988
3.144
3.1568
3.1584
3.1456
3.1272
3.1468
3.126
3.1532
3.134
3.1352
3.1108
3.172
3.1336
3.1528
3.1424
3.1548
3.1528
3.1576
3.134
3.1664
3.1468
3.1516
3.1548
3.142
3.1648
3.1888
3.1476
3.1488
3.13
3.132
3.1452
3.1352
3.1248
3.146
3.1292
3.1472
3.1404
3.132
3.154
3.1392
3.1548
3.1316
3.1256
3.158
3.1292
3.1348
3.1552
3.1468
3.166
3.1572
3.1404
3.1276
3.1176
3.1592
3.1516
3.1604
3.1576
3.132
3.15
3.1464
3.132
3.1628
3.1664
3.1472
3.1164
3.1728
3.1332
3.1336
3.1388
3.1612
3.1652
3.146
3.1464
3.1784
3.1484
3.1536
3.118
3.1488
3.1264
3.136
3.1292
3.1804
3.1276
3.1564
3.1396
3.1664
3.1352
3.1472
3.1516
3.1448
3.1336
3.1736
3.1472
3.1448
3.1388
3.1252
3.1544
3.1544
3.1436
3.1408
3.1744
3.1704
3.1368
3.1296
3.148
3.1516
3.1152
3.1632
3.1468
3.152
3.12
3.128
3.1336
3.1364
3.1464
3.1416
3.138
3.1724
3.1104
3.1516
3.1712
3.158
3.1172
3.1372
3.1552
3.1468
3.1204
3.1552
3.1644
3.144
3.14
3.1636
3.1724
3.1272
3.1504
3.1832
3.1536
3.1292
3.1312
3.1356
3.1504
3.1416
3.1416
3.1456
3.1416
3.1172
3.1676
3.1448
3.154
3.1596
3.1696
3.1856
3.1212
3.152
3.1448
3.1412
3.1544
3.116
3.1428
3.142
3.1548
3.1356
3.1448
3.1268
3.126
3.142
3.118
3.1656
3.1252
3.1488
3.1332
3.1316
3.166
3.1228
3.1588
3.136
3.1184
3.1216
3.1664
3.1328
3.1276
3.1436
3.1592
3.1456
3.1432
3.1464
3.1492
3.1244
3.1628
3.1672
3.1364
3.1284
3.1108
3.144
3.1216
3.1244
3.1536
3.1612
3.1568
3.1492
3.1732
3.172
3.1448
3.1104
3.138
3.1552
3.1148
3.1184
3.1344
3.1576
3.1308
3.1432
3.1664
3.1668
3.1404
3.1112
3.1148
3.1536
3.1368
3.1076
3.1524
3.1444
3.15
3.1456
3.158
3.1672
3.1664
3.1216
3.1624
3.1368
3.1364
3.1548
3.1624
3.1268
3.1388
3.162
3.1636
3.1524
3.1252
3.1432
3.1404
3.1192
3.1588
3.1364
3.118
3.16
3.1376
3.1444
3.1396
3.1204
3.1496
3.146
3.1484
3.136
3.132
3.1632
3.1492
3.1524
3.1716
3.142
3.1312
3.1084
3.1136
3.1416
3.1612
3.1228
3.108
3.148
3.1688
3.1124
3.124
3.1432
3.1308
3.1436
3.1268
3.1428
3.14
3.1312
3.1376
3.1556
3.13
3.152
3.1488
3.146
3.1376
3.146
3.1208
3.124
3.132
3.1208
3.1256
3.1224
3.148
3.1376
3.1312
3.1532
3.1396
3.142
3.1456
3.1272
3.118
3.1384
3.1548
3.1544
3.1248
3.1396
3.1256
3.1368
3.1112
3.1436
3.1212
3.1512
3.1188
3.1468
3.118
3.1168
3.1604
3.1148
3.1172
3.1196
3.1616
3.1016
3.1432
3.1856
3.1732
3.1484
3.1276
3.1164
3.1064
3.1408
3.1204
3.1596
3.1372
3.1676
3.1428
3.1528
3.1136
3.1408
3.1096
3.1144
3.1476
3.122
3.1636
3.1192
3.1476
3.1456
3.1404
3.1336
3.1448
3.1496
3.1368
3.1464
3.1388
3.114
3.1624
3.1296
3.1348
3.1364
3.1372
3.1452
3.1244
3.1232
3.1728
3.1336
3.1224
3.186
3.1408
3.1324
3.128
3.126
3.148
3.1752
3.1436
3.1532
3.1332
3.1656
3.1396
3.0972
3.1468
3.1212
3.15
3.1364
3.1316
3.1456
3.126
3.1704
3.1404
3.1312
3.1264
3.1436
3.1392
3.142
3.1672
3.1456
3.1372
3.134
3.1488
3.1704
3.1784
3.182
3.1412
3.1576
3.1152
3.1236
3.1508
3.1424
3.1336
3.152
3.134
3.1536
3.1592
3.148
3.134
3.16
3.1428
3.1456
3.1316
3.16
3.1384
3.1508
3.1376
3.1448
3.0964
3.1324
3.1352
3.1332
3.1008
3.1388
3.1372
3.1512
3.1376
3.1456
3.1476
3.134
3.1396
3.1228
3.1368
3.1596
3.142
3.1276
3.1224
3.1476
3.1464
3.1516
3.1356
3.1548
3.1512
3.1464
3.1152
3.142
3.1688
3.1288
3.1464
3.1352
3.1648
3.1472
3.1804
3.1536
3.1272
3.1408
3.1304
3.1392
3.1336
3.1344
3.1448
3.1344
3.132
3.1136
3.1552
3.1296
3.1196
3.136
3.14
3.1748
3.1624
3.1388
3.1196
3.1356
3.1408
3.1508
3.1216
3.14
3.1372
3.1272
3.1492
3.1324
3.1656
3.1332
3.1704
3.1416
3.1684
3.1504
3.154
3.1496
3.1116
3.126
3.1212
3.1364
3.1576
3.1372
3.1136
3.162
3.1224
3.1424
3.1532
3.142
3.1344
3.1556
3.1456
3.1468
3.1672
3.1564
3.1492
3.1356
3.142
3.1432
3.1636
3.1428
3.1816
3.1348
3.142
3.1412
3.1108
3.1188
3.1412
3.1184
3.1352
3.1668
3.1416
3.1512
3.1552
3.1408
3.1328
3.1228
3.132
3.156
3.1664
3.138
3.1084
3.132
3.1236
3.1696
3.1448
3.1544
3.156
3.1564
3.1532
3.1392
3.1356
3.1308
3.132
3.1412
3.1356
3.1664
3.126
3.1188
3.1208
3.1364
3.144
3.162
3.168
3.1604
3.1476
3.144
3.1368
3.12
3.1624
3.1432
3.1056
3.1688
3.1436
3.164
3.132
3.1432
3.1372
3.1328
3.1456
3.1648
3.128
3.1304
3.154
3.1528
3.156
3.132
3.128
3.136
3.1672
3.1456
3.1452
3.1364
3.1716
3.118
3.1532
3.1564
3.1448
3.1256
3.1468
3.1044
3.1412
3.1396
3.1232
3.1164
3.1284
3.1556
3.1624
3.1624
3.1412
3.152
3.1276
3.136
3.1284
3.1316
3.1496
3.1672
3.128
3.1128
3.1268
3.1568
3.1308
3.1168
3.146
3.1504
3.126
3.1288
3.1248
3.156
3.138
3.1368
3.1172
3.1596
3.146
3.1564
3.1484
3.1596
3.1428
3.1376
3.138
3.1708
3.1448
3.1308
3.1504
3.1592
3.1372
3.1544
3.1592
3.1364
3.144
3.1516
3.1756
3.1288
3.164
3.1392
3.1672
3.1664
3.152
3.148
3.1284
3.1444
3.14
3.14
3.14
3.1492
3.1508
3.1368
3.1568
3.114
3.1128
3.1608
3.1612
3.1432
3.1432
3.1348
3.1472
3.1072
3.1412
3.1476
3.1268
3.1312
3.1124
3.1208
3.132
3.1552
3.1336
3.1224
3.14
3.1724
3.116
3.1436
3.1264
3.112
3.154
3.116
3.1168
3.1136
3.1508
3.134
3.126
3.1328
3.1504
3.1324
3.1424
3.146
3.1376
3.136
3.1424
3.1348
3.1848
3.152
3.1476
3.1436
3.1664
3.1264
3.1216
3.1624
3.1432
3.1248
3.1348
3.1592
3.162
3.1488
3.1336
3.1412
3.1564
3.1172
3.13
3.1212
3.1264
3.1488
3.1568
3.11
3.1388
3.1484
3.1476
3.132
3.1448
3.1528
3.1588
3.1656
3.1312
3.1572
3.122
3.1368
3.1496
3.1328
3.1436
3.158
3.1696
3.1316
3.1584
3.14
3.1452
3.1568
3.1356
3.1528
3.1448
3.1276
3.1276
3.1436
3.1352
3.1248
3.1372
3.142
3.168
3.1428
3.1496
3.1252
3.1212
3.1068
3.1412
3.1504
3.1428
3.1432
3.1416
3.152
3.1408
3.1512
3.1532
3.1572
3.1628
3.14
3.1388
3.1756
3.136
3.1364
3.1528
3.1464
3.1284
3.1636
3.164
3.1152
3.1216
3.1352
3.1648
3.14
3.1616
3.1292
3.158
3.1428
3.1532
3.12
3.1752
3.1276
3.1168
3.1392
3.144
3.1468
3.1384
3.1364
3.1572
3.1224
3.1464
3.1256
3.1628
3.1724
3.1512
3.136
3.1108
3.1464
3.128
3.1588
3.1344
3.1504
3.1552
3.128
3.1444
3.1648
3.1372
3.1384
3.128
3.1336
3.162
3.1632
3.1352
3.1216
3.1544
3.1688
3.1332
3.1508
3.1436
3.1336
3.1672
3.1512
3.1396
3.1564
3.1536
3.164
3.1484
3.1444
3.112
3.1688
3.1268
3.124
3.1432
3.1288
3.1528
3.1316
3.1412
3.1608
3.1316
3.15
3.1784
3.1408
3.1372
3.152
3.1304
3.1584
3.1648
3.17
3.1556
3.1172
3.1328
3.1472
3.1388
3.12
3.158
3.13
3.1516
3.1684
3.1456
3.1344
3.1412
3.1052
3.1596
3.148
3.1684
3.1736
3.1232
3.1076
3.142
3.1896
3.1208
3.1452
3.1544
3.1156
3.1416
3.1388
3.132
3.1636
3.136
3.152
3.1384
3.1528
3.1076
3.1316
3.1148
3.1504
3.1744
3.1452
3.1184
3.1492
3.138
3.1312
3.1532
3.136
3.1524
3.1328
3.1516
3.1216
3.1516
3.1424
3.1496
3.138
3.1088
3.1684
3.1472
3.1416
3.1476
3.1496
3.1328
3.1704
3.1752
3.1392
3.1052
3.1632
3.1432
3.1508
3.1684
3.1704
3.1508
3.134
3.1384
3.1832
3.1468
3.1408
3.1216
3.1336
3.1296
3.1544
3.1568
3.1312
3.1624
3.1288
3.1312
3.1192
3.1588
3.146
3.118
3.1332
3.134
3.1236
3.1264
3.1476
3.15
3.1624
3.1604
3.1416
3.1224
3.1444
3.142
3.1472
3.1312
3.1548
3.1604
3.1292
3.1636
3.1572
3.1348
3.1472
3.162
3.1344
3.1096
3.1556
3.1416
3.1524
3.1688
3.1348
3.1516
3.144
3.1656
3.1516
3.1416
3.1132
3.1332
3.1456
3.1288
3.148
3.148
3.122
3.1104
3.1208
3.15
3.1176
3.154
3.144
3.1624
3.142
3.1388
3.1216
3.1508
3.154
3.16
3.1556
3.1212
3.1252
3.1108
3.1236
3.14
3.1148
3.1176
3.1188
3.1528
3.146
3.154
3.1412
3.1744
3.1288
3.12
3.122
3.1488
3.1528
3.13
3.1484
3.1404
3.1536
3.158
3.1528
3.1416
3.122
3.13
3.1332
3.1548
3.1556
3.1152
3.16
3.126
3.1596
3.1532
3.1464
3.1332
3.1484
3.1404
3.1904
3.1436
3.1244
3.1252
3.158
3.1472
3.1272
3.1308
3.1016
3.1692
3.1384
3.1344
3.1524
3.1488
3.1356
3.1176
3.1516
3.1448
3.1316
3.1268
3.1224
3.148
3.1744
3.132
3.1396
3.144
3.1416
3.1204
3.148
3.126
3.1192
3.1368
3.1312
3.1444
3.1572
3.1348
3.1612
3.144
3.1348
3.1416
3.1504
3.18
3.1232
3.1528
3.1536
3.1568
3.136
3.1592
3.1528
3.1284
3.1276
3.1292
3.1256
3.1328
3.1388
3.1064
3.1508
3.1504
3.1432
3.1324
3.142
3.1332
3.1256
3.1364
3.1396
3.1492
3.1252
3.1472
3.1404
3.1468
3.1468
3.1348
3.1512
3.156
3.1288
3.1348
3.1336
3.1044
3.1476
3.152
3.1276
3.1544
3.1232
3.132
3.106
3.116
3.1412
3.1052
3.1372
3.1472
3.1488
3.1768
3.1588
3.1392
3.1352
3.1612
3.1328
3.1656
3.1184
3.152
3.1164
3.132
3.1516
3.1248
3.1328
3.1672
3.142
3.18
3.1304
3.136
3.1464
3.1576
3.1492
3.1256
3.1756
3.1304
3.1424
3.1376
3.1496
3.1708
3.1224
3.1688
3.118
3.1264
3.1384
3.1244
3.1064
3.1488
3.1284
3.172
3.1432
3.124
3.1596
3.1392
3.1384
3.1396
3.122
3.1468
3.16
3.134
3.1512
3.1372
3.1384
3.1204
3.138
3.14
3.1524
3.12
3.1716
3.1268
3.1056
3.1556
3.1564
3.146
3.1292
3.1312
3.1404
3.13
3.146
3.1668
3.1468
3.164
3.1424
3.1428
3.146
3.1228
3.1384
3.122
3.1172
3.136
3.1528
3.1232
3.166
3.144
3.1312
3.1256
3.158
3.134
3.1168
3.1152
3.1676
3.164
3.1676
3.1336
3.124
3.128
3.1612
3.1812
3.18
3.1708
3.1336
3.15
3.1368
3.1488
3.1268
3.1308
3.1304
3.1452
3.13
3.1592
3.1176
3.1544
3.128
3.1524
3.1256
3.112
3.1324
3.1184
3.1584
3.1436
3.1324
3.1296
3.1296
3.14
3.1408
3.1368
3.1372
3.1836
3.1332
3.1252
3.1308
3.1376
3.1468
3.12
3.1356
3.1332
3.124
3.1324
3.1384
3.1588
3.15
3.162
3.1172
3.1492
3.1368
3.1508
3.1356
3.1524
3.1316
3.1584
3.1404
3.1524
3.1528
3.1396
3.1128
3.1732
3.15
3.1244
3.1592
3.168
3.136
3.1316
3.1472
3.1564
3.1688
3.1508
3.1376
3.1452
3.1412
3.162
3.1364
3.1448
3.1172
3.1268
3.1412
3.136
3.1704
3.156
3.1396
3.1404
3.158
3.15
3.136
3.1512
3.1368
3.1548
3.1524
3.1832
3.1392
3.15
3.1616
3.1012
3.1216
3.1272
3.1356
3.16
3.1308
3.1328
3.156
3.1588
3.1752
3.1348
